2.889974e-06
2.656366e-06
1.252873e-06
2.716740e-06
2.198305e-06
1.999724e-06
2.134157e-06
1.689327e-06
3.104272e-06
6.342858e-06
4.146748e-06
6.032582e-06
7.130171e-06
6.456551e-05
3.305054e-05
1.423484e-05
3.871676e-06
1.027563e-04
1.227347e-05
3.100518e-06
2.849577e-06
5.025675e-05
3.872870e-05
1.966918e-05
5.876369e-06
9.813098e-05
9.136950e-05
5.548654e-06
3.746868e-05
2.571532e-06
8.604824e-05
1.881490e-05
6.701973e-06
1.759346e-05
1.977338e-05
6.035823e-06
5.908178e-06
6.910607e-05
7.358919e-05
2.537135e-06
7.871636e-06
3.343037e-05
9.907275e-06
5.386706e-06
1.869682e-05
5.760775e-05
2.306009e-05
8.502790e-06
1.853164e-05
5.832942e-05
9.615248e-06
7.643034e-06
4.804663e-05
2.907861e-05
6.379056e-05
5.556171e-06
2.822498e-04
1.328357e-04
2.958747e-04
2.443034e-04
4.179653e-04
2.522354e-04
2.271004e-04
3.131858e-04
2.428446e-04
2.026283e-04
1.462046e-04
1.899024e-04
2.041866e-04
2.899633e-04
1.856667e-04
1.790200e-04
2.319149e-04
4.792069e-05
1.623418e-04
1.847028e-04
1.062241e-04
2.559812e-05
6.104684e-05
7.030537e-05
1.253914e-04
1.345392e-04
2.657954e-04
2.015938e-04
2.648238e-04
7.036788e-04
4.824103e-04
6.037362e-04
2.431824e-04
2.455419e-04
6.870216e-05
7.128624e-05
1.601294e-04
2.484539e-04
1.587132e-04
4.064623e-04
1.082296e-05
1.665110e-04
1.571890e-04
4.947318e-05
1.808833e-04
4.649450e-04
3.440195e-04
3.915229e-04
1.083076e-03
1.085757e-03
6.208734e-04
2.561365e-03
8.671020e-04
2.860068e-04
2.458556e-04
2.032470e-04
2.146094e-04
1.195445e-04
2.160933e-04
6.590032e-04
6.823265e-04
1.384878e-03
3.686591e-05
6.272599e-05
3.495674e-04
1.256587e-05
6.630014e-05
3.429643e-04
1.743987e-04
1.860371e-04
2.292693e-04
5.544777e-04
3.702789e-04
2.294876e-03
3.966986e-04
3.576478e-04
1.435629e-04
4.459591e-05
1.081694e-04
1.665522e-04
7.795985e-04
1.526490e-04
4.927270e-04
5.908726e-04
1.705155e-04
3.748895e-05
5.806577e-05
2.529018e-05
1.047370e-03
5.452227e-04
5.374069e-04
2.938189e-04
1.130925e-04
9.777080e-04
8.013528e-04
7.042307e-04
1.030390e-03
9.643855e-04
4.072106e-04
9.122651e-04
9.373440e-04
4.137635e-04
9.790295e-04
1.200607e-04
4.379824e-05
3.342289e-04
2.183309e-04
8.025422e-05
8.236983e-05
5.644933e-04
1.123930e-04
1.904628e-04
8.074640e-05
3.444870e-04
4.133160e-04
2.781011e-04
6.848750e-04
4.959815e-04
1.797368e-04
1.277654e-03
6.767850e-05
2.013888e-04
1.743206e-04
1.363246e-04
1.017067e-04
3.887964e-05
2.471512e-04
6.520463e-05
3.620317e-05
1.226585e-03
7.182192e-04
1.205905e-03
7.963819e-03
3.534700e-03
8.135759e-04
5.080472e-03
2.499884e-03
1.773308e-03
2.147854e-03
1.158458e-03
2.773995e-03
1.094216e-03
1.549651e-03
2.906123e-03
8.311180e-04
1.703209e-03
4.897453e-03
1.316739e-03
2.222557e-03
1.192406e-03
6.415198e-03
1.602794e-03
4.460538e-03
1.950984e-03
2.955017e-03
9.112902e-04
1.015445e-02
2.099674e-03
1.290703e-03
1.929486e-03
3.416003e-03
1.331230e-03
1.029741e-03
1.217751e-03
7.371499e-04
1.790625e-03
3.020719e-03
3.017640e-03
1.153890e-03
1.306987e-03
3.901829e-03
3.692405e-03
6.852812e-03
1.956211e-03
1.380097e-03
1.576415e-03
2.971707e-03
2.793197e-03
1.035842e-03
5.067526e-04
1.625693e-03
6.095536e-03
1.646517e-03
1.077705e-03
5.586826e-04
8.518647e-04
2.065321e-03
8.944311e-04
3.719079e-03
1.268754e-03
1.374906e-03
1.779466e-03
1.026717e-03
2.276805e-03
1.465177e-04
1.535176e-03
9.442342e-04
2.406998e-03
2.553129e-03
3.262558e-03
2.412186e-03
4.146527e-03
5.681372e-03
4.832445e-03
1.251758e-02
1.215111e-03
8.628132e-03
7.748031e-04
1.814404e-03
3.898682e-03
