-1.140622e-12
-2.639693e-13
2.667118e-12
-1.856253e-13
7.741008e-13
2.801456e-13
8.465084e-13
7.562410e-13
-2.255944e-12
-3.289866e-12
-6.318248e-13
-2.849672e-12
-1.284792e-12
-1.631007e-12
-4.698939e-13
-3.594080e-12
-3.332206e-13
-9.084202e-12
-2.535317e-12
-1.949071e-12
-4.628195e-13
-6.006289e-12
-2.674716e-12
-2.540146e-12
-6.474771e-13
-4.806654e-12
-5.371127e-12
-9.467514e-13
-8.809661e-13
1.251699e-12
-1.082012e-11
-2.051946e-12
-1.946071e-12
-3.929103e-12
-3.531450e-12
-1.751813e-12
-1.987301e-12
-5.092426e-12
-6.391189e-12
-7.023869e-13
-3.347956e-13
-1.599759e-11
-1.223746e-12
-8.446923e-13
-2.119125e-12
-3.188068e-12
-1.996097e-12
-8.711874e-12
-3.272035e-12
-2.098619e-11
-8.125609e-13
-2.089327e-12
-1.827101e-11
-1.148965e-11
-5.207990e-12
-1.672682e-12
9.575698e-12
7.871228e-12
6.623274e-12
1.143860e-11
1.114988e-11
6.738826e-12
4.446489e-12
1.072032e-11
1.222317e-11
4.366634e-12
6.423992e-12
3.481626e-12
2.918355e-12
7.783604e-12
1.529431e-11
7.923237e-12
5.359758e-12
3.773879e-12
8.606093e-12
4.756836e-12
3.872280e-12
2.181652e-12
1.785253e-12
5.533659e-12
3.742351e-12
7.227692e-12
2.284129e-11
3.994151e-12
9.770471e-12
1.149833e-11
8.619380e-12
7.955523e-12
2.539554e-11
5.840817e-12
7.470869e-13
6.262615e-12
6.363769e-12
6.632834e-12
3.676982e-12
7.510541e-12
2.633420e-12
5.508048e-12
5.367064e-12
3.882900e-12
7.465737e-12
1.563485e-11
3.103740e-12
3.659074e-12
6.610930e-12
8.049112e-12
1.063699e-11
1.657057e-11
1.031575e-11
5.039416e-12
-2.440861e-12
1.036333e-11
1.183444e-11
1.306229e-12
-5.505283e-12
3.175028e-12
8.899505e-12
1.250587e-11
-1.642825e-12
4.082206e-13
1.786992e-11
1.174711e-12
1.708984e-12
1.018630e-11
6.748014e-12
5.409338e-12
9.556841e-12
1.182893e-11
6.429411e-12
1.579186e-11
1.461028e-11
1.121012e-11
8.987039e-12
-1.079998e-12
4.142351e-12
1.978464e-12
3.487704e-12
6.850034e-12
4.831879e-12
8.960288e-12
4.583729e-12
5.190763e-13
3.704505e-12
-1.499949e-12
1.346325e-11
8.529466e-12
5.855909e-12
1.549391e-12
2.113117e-12
1.394604e-11
1.110394e-11
1.881889e-11
1.106865e-11
9.538309e-12
2.828949e-12
8.562505e-12
9.195747e-12
2.829593e-12
1.001794e-11
-2.838492e-12
7.235242e-14
-2.555436e-12
1.431514e-11
1.983210e-12
4.586468e-12
6.154262e-12
1.170404e-11
1.708577e-11
-1.563475e-12
7.045175e-12
1.455011e-11
8.316291e-12
7.519989e-12
5.791408e-12
4.357684e-12
1.326245e-11
5.245484e-12
1.624757e-11
4.264889e-12
4.911761e-12
-1.241501e-12
-1.476911e-12
8.963884e-12
1.115030e-11
2.077247e-12
1.687234e-02
1.192054e-02
1.009132e-02
2.487738e-02
1.808431e-02
1.593000e-02
1.368182e-02
1.250899e-02
9.725762e-03
1.448690e-02
2.560306e-02
1.860393e-02
6.570050e-03
1.222571e-02
2.157966e-02
4.187794e-03
1.416837e-02
2.674262e-02
1.033729e-02
1.887845e-02
1.211519e-02
2.342973e-02
1.169122e-02
2.163287e-02
1.349253e-02
2.507205e-02
4.987593e-03
1.946916e-02
7.727508e-03
8.245634e-03
9.774673e-03
1.708524e-02
9.019614e-03
8.129526e-03
5.581850e-03
5.657828e-03
1.027009e-02
1.332542e-02
2.281621e-02
1.277041e-02
9.414671e-03
2.241795e-02
9.581872e-03
1.628947e-02
7.854403e-03
4.365590e-03
8.166027e-03
1.324121e-02
8.408459e-03
7.146707e-03
5.126998e-03
8.490340e-03
1.366544e-02
1.042981e-02
9.976447e-03
6.511304e-03
4.563077e-03
1.116014e-02
7.324583e-03
1.604738e-02
6.843581e-03
5.325744e-03
1.108944e-02
6.869397e-03
1.372340e-02
1.748346e-03
1.375473e-02
9.318901e-03
1.337897e-02
1.915538e-02
1.649688e-02
1.729555e-02
2.220893e-02
2.601444e-02
1.995327e-02
3.247538e-02
8.807700e-03
1.888502e-02
5.669338e-03
9.720329e-03
1.636992e-02

