1.522118e-09
1.412259e-09
1.399962e-09
1.237429e-09
1.886546e-09
9.701445e-10
1.584750e-09
1.526833e-09
1.050854e-09
1.314575e-09
1.274215e-09
1.741869e-09
1.444307e-09
1.136104e-09
9.930669e-10
1.188460e-09
1.632834e-09
9.821206e-10
1.013071e-09
1.359567e-09
1.222081e-09
1.267025e-09
1.324968e-09
1.264253e-09
2.877036e-09
1.133137e-09
1.385866e-09
1.537663e-09
1.146596e-09
2.033609e-09
1.186486e-09
1.819984e-09
1.636882e-09
1.606921e-09
1.394783e-09
1.113641e-09
1.253943e-09
6.861776e-10
7.543280e-10
1.081125e-09
4.947697e-10
5.435732e-10
6.492801e-10
8.800303e-10
7.335422e-10
6.243474e-10
6.636862e-10
9.370168e-10
9.830757e-10
6.173443e-10
5.517483e-10
8.769261e-10
4.623981e-10
7.224285e-10
1.308800e-09
1.110022e-09
6.647232e-10
7.682558e-10
9.621192e-10
6.346865e-10
8.833578e-10
8.318397e-10
8.016296e-10
8.139597e-10
5.202346e-10
6.664374e-10
8.930846e-10
4.725213e-10
7.335427e-10
1.023424e-09
1.193762e-09
1.248469e-09
1.192315e-09
1.724039e-09
1.583994e-09
2.208566e-09
1.354413e-09
1.094044e-09
1.104166e-09
1.409397e-09
1.256645e-09
1.215616e-09
1.891658e-09
9.153532e-10
1.370033e-09
1.332638e-09
1.149317e-09
1.053812e-09
1.035996e-09
1.319258e-09
1.211179e-09
1.214985e-09
1.205114e-09
1.419624e-09
2.306264e-09
2.713439e-09
1.330492e-09
1.353363e-09
1.393098e-09
1.489830e-09
1.369697e-09
1.781528e-09
1.356623e-09
1.494811e-09
1.631257e-09
5.361170e-10
6.010859e-10
8.448135e-10
9.159737e-10
1.069065e-09
1.052359e-09
1.383810e-09
1.077221e-09
7.717759e-10
1.852819e-09
1.098532e-09
7.710626e-10
5.767187e-10
6.089072e-10
6.892738e-10
7.379065e-10
1.222769e-09
9.089771e-10
6.608638e-10
9.232380e-10
7.041726e-10
6.113422e-10
1.028423e-09
1.545574e-09
1.586633e-09
8.538419e-10
7.469747e-10
1.584906e-09
9.296387e-10
1.231416e-09
6.704421e-10
7.592614e-10
1.067316e-09
8.459077e-10
6.185434e-10
7.137783e-09
8.923409e-09
5.999323e-09
7.895516e-09
3.630172e-09
6.118894e-09
1.044044e-08
2.425628e-09
3.744003e-09
8.609272e-09
9.991597e-09
9.011328e-09
1.383995e-08
5.733345e-09
6.325624e-09
8.884860e-09
7.696688e-09
2.293861e-09
3.773542e-09
4.485903e-09
5.289131e-09
9.653577e-09
8.104817e-09
4.348862e-09
6.855490e-09
4.224983e-09
7.374745e-09
9.097481e-09
9.219635e-09
3.280632e-09
1.047491e-08
2.154335e-09
9.060221e-09
2.064456e-09
5.937409e-09
7.808614e-09
4.847436e-09
7.180391e-09
1.821354e-09
1.046267e-08
5.865654e-09
7.200008e-09
8.260206e-09
8.196399e-09
9.188509e-09
7.053077e-09
2.993675e-09
7.077941e-09
5.351309e-09
7.823034e-09
3.493846e-09
9.321710e-09
5.237877e-09
8.356668e-09
3.718141e-09
6.362262e-09
6.567237e-09
2.851162e-09
8.742928e-09
1.027852e-08
1.045057e-08
1.179116e-08
7.999311e-09
6.498980e-09
2.989446e-09
5.270187e-09
9.062404e-09
4.851901e-09
3.782716e-09
8.480315e-09
1.116547e-08
5.480696e-09
3.542342e-09
5.684361e-09
6.142754e-09
5.701943e-09
5.831413e-09
3.725382e-09
3.972967e-09
4.462859e-09
5.984170e-09
5.948986e-09
1.089535e-08
7.883509e-09
4.215509e-09
5.510315e-09
6.191093e-09
4.961261e-09
6.873609e-09
4.488644e-09
3.177986e-09
2.721126e-09
5.878270e-09
5.906943e-09
5.831266e-09
5.731627e-09
2.810376e-09
9.904884e-09
4.818576e-09
5.228595e-09
6.969821e-09
3.202692e-09
4.611198e-09
6.679660e-09
8.565973e-09
3.505676e-09
6.975487e-09
5.892583e-09
8.031379e-09
4.500309e-09
4.261334e-09
6.441926e-09
2.236945e-09
8.836541e-09
1.097156e-08
9.683634e-09
1.453175e-08
1.079080e-08
3.418973e-09
4.201301e-09
6.323849e-09
4.448875e-09
4.761154e-09
5.291843e-09
6.828022e-09
5.674831e-09
9.579310e-09
7.030973e-09
7.667850e-09
7.663663e-09
3.593481e-09
6.858702e-09
5.442381e-09
7.924169e-09
8.586452e-09
6.281932e-09
1.907683e-09
6.041894e-09
8.892527e-09
7.946007e-09
7.741257e-09
4.117396e-09
4.487304e-09
6.691112e-09
8.901587e-09
3.538199e-09
4.876451e-09
4.746575e-09
7.100097e-09
6.786572e-09
6.443365e-09
8.212300e-09
4.148728e-09
1.133337e-08
8.916136e-09
5.828167e-09
8.064498e-09
9.313704e-09
1.751274e-09
9.488622e-09
3.385921e-09
6.092066e-09
4.426079e-09
4.981244e-09
1.098111e-08
7.931809e-09
8.135522e-09
1.042593e-08
8.196440e-09
7.514387e-09
7.754410e-09
1.136079e-08
9.021419e-09
3.893704e-09
4.863378e-09
1.089750e-08
3.447816e-09
3.534715e-09
1.266843e-08
8.783479e-09
8.070382e-09
8.315725e-09
8.709769e-09
8.040118e-09
1.161121e-08
3.993916e-09
2.650453e-09
1.493696e-09
9.562795e-09
6.891986e-09
9.472803e-09
3.352886e-09
5.511214e-09
5.151290e-09
6.986168e-09
2.663070e-09
1.061543e-08
9.032857e-09
5.232269e-09
8.429097e-09
7.484570e-09
6.028063e-09
1.055987e-08
6.692990e-09
5.416063e-09
9.889914e-09
7.208535e-09
4.912814e-09
7.120745e-09
1.034869e-08
6.009977e-09
1.221541e-08
6.579950e-09
7.921239e-09
7.313774e-09
1.029749e-08
6.012663e-09
9.068669e-09
7.049834e-09
1.103650e-08
8.504553e-09
7.851898e-09
4.283527e-09
2.767155e-09
1.198998e-08
6.409044e-09
7.383536e-09
8.095286e-09
6.764400e-09
6.606074e-09
9.309412e-09
6.103659e-09
5.642434e-09
1.033583e-08
4.939909e-09
9.419775e-09
3.419769e-09
3.630299e-09
5.364937e-09
6.080216e-09
3.697257e-09
5.670906e-09
4.102781e-09
5.769192e-09
3.345473e-09
5.783530e-09
7.384984e-09
4.204120e-09
3.134549e-09
6.780079e-09
7.690924e-09
4.279322e-09
7.456461e-09
5.559031e-09
7.382624e-09
5.314587e-09
6.702388e-09
5.952947e-09
5.691483e-09
1.620491e-08
8.950217e-09
6.939867e-09
4.412196e-09
6.802400e-09
7.364207e-09
6.808754e-09
3.468615e-09
5.651120e-09
6.482303e-09
3.736844e-09
6.389162e-09
2.737374e-09
6.315944e-09
6.995661e-09
4.065067e-09
8.865755e-09
5.512617e-09
6.068569e-09
6.635050e-09
5.034937e-09
7.306669e-09
6.805592e-09
5.438553e-09
7.959195e-09
8.755962e-09
8.709618e-09
4.079861e-09
7.121692e-09
6.697976e-09
6.819756e-09
7.284737e-09
6.186427e-09
3.390577e-09
4.534884e-09
6.466284e-09
1.998172e-09
3.711693e-09
6.911503e-09
8.094941e-09
3.280375e-09
8.978342e-09
3.570643e-09
5.850065e-09
5.701225e-09
7.190174e-09
1.741573e-09
5.018396e-09
6.886504e-09
7.105041e-09
6.912522e-09
6.914453e-09
5.658580e-09
8.182388e-09
4.177741e-09
4.118041e-09
6.619224e-09
6.862550e-09
6.869204e-09
4.823707e-09
6.737940e-09
7.565713e-09
3.215685e-09
6.139500e-09
5.898647e-09
6.953944e-09
7.996386e-09
4.256160e-09
8.029688e-09
6.097755e-09
4.201927e-09
8.103767e-09
2.418217e-09
6.958135e-09
6.195176e-09
3.079166e-09
7.962908e-09
3.162964e-09
6.645354e-09
3.668685e-09
3.474177e-09
3.407053e-09
7.446857e-09
9.541193e-09
5.121524e-09
4.249993e-09
5.300133e-09
3.491609e-09
7.780808e-09
4.371659e-09
8.737985e-09
4.693710e-09
4.033770e-09
1.001077e-08
5.092779e-09
8.754523e-09
7.111972e-09
3.749731e-09
7.241781e-09
5.291529e-09
7.787645e-09
5.748403e-09
4.785154e-09
8.198519e-09
2.793531e-09
7.628715e-09
7.305266e-09
3.988706e-09
5.348777e-09
5.786690e-09
9.434760e-09
2.524904e-09
2.361643e-09
5.899128e-09
4.113504e-09
5.976246e-09
6.062500e-09
4.312354e-09
6.231448e-09
4.566192e-09
7.067509e-09
6.654061e-09
3.958155e-09
6.406952e-09
6.455720e-09
5.803066e-09
6.663890e-09
5.881360e-09
7.934588e-09
3.725417e-09
5.027570e-09
6.252457e-09
1.112940e-08
4.299848e-09
9.754021e-09
5.033425e-09
7.763894e-09
1.406807e-08
7.075396e-09
6.753994e-09
7.299274e-09
4.619185e-09
6.226380e-09
5.216649e-09
2.403926e-09
9.171225e-09
3.232428e-09
5.885326e-09
8.056746e-09
7.671127e-09
3.291984e-09
3.722771e-09
2.018289e-09
3.237163e-09
7.041656e-09
6.097059e-09
6.175235e-09
2.136172e-09
5.645304e-09
6.013277e-09
9.155078e-09
7.380308e-09
1.045715e-08
5.278849e-09
8.191220e-09
6.176917e-09
3.528153e-09
9.239083e-09
3.764939e-09
2.199160e-09
7.681922e-09
9.747733e-09
4.583005e-09
9.003083e-09
3.971509e-09
4.712421e-09
9.225117e-09
3.315471e-09
4.459929e-09
8.449848e-09
5.929245e-09
1.104937e-08
1.021992e-08
4.206103e-09
3.308912e-09
7.423025e-09
2.910776e-09
1.045936e-08
7.734858e-09
6.866119e-09
3.289609e-09
5.297587e-09
8.638136e-09
7.194891e-09
1.033254e-08
8.437827e-09
9.644702e-09
3.455285e-09
1.108711e-08
7.502173e-09
9.917500e-09
1.008838e-08
1.086903e-08
9.435770e-09
9.437724e-09
1.807019e-09
8.162650e-09
8.881440e-09
3.895432e-09
8.117420e-09
4.653988e-09
4.073070e-09
8.485007e-09
7.775465e-09
1.256883e-08
4.038590e-09
5.830119e-09
3.868547e-09
3.859931e-09
5.940621e-09
9.879584e-09
6.911851e-09
1.014150e-08
6.772395e-09
1.047571e-08
1.003245e-08
7.654581e-09
1.013515e-08
4.250211e-09
8.694801e-09
5.627275e-09
7.368204e-09
7.591036e-09
8.552685e-09
5.244531e-09
6.781227e-09
7.353405e-09
8.142757e-09
5.670275e-09
5.296681e-09
6.312916e-09
7.266218e-09
6.482293e-09
7.192129e-09
4.187232e-09
1.022681e-08
3.177687e-09
5.661023e-09
5.297026e-09
5.383510e-09
9.158649e-09
3.466237e-09
1.041582e-08
8.453840e-09
7.574175e-09
1.168377e-08
7.940359e-09
9.624020e-09
7.395830e-09
7.432534e-09
7.173445e-09
1.002336e-08
6.047772e-09
6.316801e-09
1.099860e-08
3.332032e-09
7.364811e-09
5.229286e-09
8.761014e-09
3.413498e-09
6.371183e-09
4.148854e-09
1.284575e-08
8.065389e-09
8.262317e-09
2.698682e-09
1.363982e-08
7.852558e-09
5.274546e-09
7.531860e-09
7.133209e-09
3.737022e-09
5.165678e-09
5.266816e-09
6.804538e-09
7.844454e-09
1.000980e-08
8.723078e-09
7.983374e-09
5.498101e-09
7.744447e-09
9.311637e-09
6.950830e-09
9.180582e-09
1.080180e-08
3.808319e-09
7.138093e-09
4.095548e-09
4.719525e-09
7.850794e-09
5.484428e-09
1.274021e-08
3.265501e-09
6.398083e-09
6.591173e-09
9.492015e-09
7.744519e-09
9.423350e-09
2.466199e-09
9.815219e-09
5.932879e-09
4.632961e-09
3.612586e-09
8.451399e-09
8.198269e-09
3.737000e-09
6.489437e-09
6.181692e-09
9.557939e-09
7.199722e-09
8.170169e-09
1.322131e-08
7.311323e-09
8.174583e-09
5.333625e-09
6.286935e-09
6.388172e-09
9.487281e-09
5.102773e-09
8.447734e-09
4.356790e-09
3.524235e-09
6.931461e-09
5.053845e-09
9.266407e-09
1.591320e-08
5.676526e-09
1.177473e-08
3.673370e-09
7.958060e-09
4.240373e-09
1.044364e-08
7.818511e-09
6.661700e-09
6.211813e-09
4.972886e-09
1.146576e-08
9.923256e-09
6.522791e-09
9.968575e-09
5.357260e-09
6.086096e-09
5.055675e-09
7.493027e-09
1.079478e-08
7.010073e-09
1.162044e-08
6.663754e-09
7.145892e-09
5.661954e-09
1.043808e-08
8.945613e-09
2.758246e-09
2.440518e-09
4.965256e-09
2.649594e-09
8.943246e-09
1.050977e-08
8.057385e-09
5.639564e-09
3.860525e-09
4.401353e-09
4.763147e-09
1.198585e-08
6.034294e-09
5.369224e-09
8.534022e-09
9.697815e-09
8.843479e-09
1.160828e-08
9.484987e-09
8.726705e-09
1.096015e-08
5.736486e-09
3.096288e-09
3.104177e-09
9.697985e-09
7.051555e-09
5.236199e-09
2.890702e-09
3.269783e-09
5.467204e-09
9.817820e-09
6.505555e-09
8.142091e-09
8.176134e-09
7.693503e-09
4.600320e-09
2.476246e-09
5.827214e-09
4.496700e-09
5.594794e-09
7.036100e-09
9.770003e-09
1.083347e-08
5.795294e-09
7.431555e-09
6.101938e-09
3.631179e-09
3.529257e-09
9.286099e-09
7.975365e-09
4.019048e-09
1.230548e-08
8.025872e-09
6.357736e-09
7.025461e-09
6.525824e-09
1.005149e-08
4.190993e-09
5.237228e-09
2.494954e-09
7.940150e-09
7.315780e-09
4.481617e-09
5.462409e-09
4.180035e-09
6.568186e-09
6.631001e-09
3.158706e-09
6.998367e-09
7.046711e-09
5.485365e-09
2.694082e-09
5.168462e-09
6.091722e-09
5.040663e-09
4.832540e-09
7.170328e-09
5.730484e-09
4.507300e-09
6.518251e-09
4.648462e-09
7.987094e-09
5.021770e-09
4.148045e-09
5.052067e-09
3.820620e-09
6.250695e-09
5.782403e-09
5.276924e-09
4.424547e-09
3.967773e-09
5.964329e-09
2.677250e-09
1.045568e-08
4.939064e-09
4.455455e-09
6.674629e-09
6.751606e-09
3.601347e-09
5.895368e-09
8.862416e-09
5.993178e-09
4.174653e-09
9.586614e-09
7.755246e-09
7.430972e-09
6.422728e-09
8.084835e-09
1.061796e-08
7.267549e-09
8.470853e-09
5.354112e-09
4.377414e-09
6.593248e-09
3.515142e-09
8.103593e-09
4.764047e-09
6.079392e-09
3.904726e-09
5.779475e-09
7.412917e-09
8.966121e-09
9.041760e-09
7.068561e-09
6.756207e-09
3.443917e-09
6.152347e-09
4.023115e-09
7.244671e-09
3.561711e-09
7.423493e-09
4.130378e-09
7.208863e-09
6.320028e-09
6.861501e-09
4.874103e-09
6.585193e-09
5.200013e-09
7.509544e-09
5.151610e-09
2.505853e-09
5.962534e-09
7.019023e-09
1.108802e-08
7.480748e-09
5.666306e-09
9.344841e-09
5.851113e-09
7.601890e-09
5.851960e-09
6.080739e-09
4.779286e-09
4.298541e-09
8.873622e-09
5.790936e-09
6.629001e-09
5.201098e-09
8.274465e-09
7.340599e-09
1.012125e-08
8.251713e-09
7.247325e-09
6.160938e-09
6.244626e-09
1.109311e-08
7.054204e-09
3.815004e-09
6.159378e-09
9.470679e-09
6.465389e-09
5.715842e-09
7.879322e-09
8.927874e-09
9.023649e-09
4.204381e-09
6.494003e-09
2.483689e-09
4.409924e-09
5.804696e-09
9.690846e-09
4.293058e-09
4.218184e-09
5.129065e-09
7.211318e-09
5.718706e-09
5.397746e-09
3.773954e-09
7.520736e-09
5.867585e-09
6.211967e-09
5.822624e-09
3.899417e-09
5.217069e-09
7.756323e-09
7.938418e-09
5.693053e-09
5.187595e-09
3.675328e-09
7.283137e-09
6.954397e-09
6.383560e-09
8.888602e-09
5.632684e-09
7.371242e-09
3.931333e-09
4.882517e-09
7.234317e-09
8.768857e-09
7.652772e-09
1.059029e-08
7.946031e-09
8.545983e-09
8.030513e-09
7.214521e-09
8.103140e-09
6.799390e-09
5.047148e-09
7.380842e-09
6.120829e-09
5.224554e-09
4.930394e-09
5.686471e-09
5.397559e-09
7.174074e-09
6.399838e-09
5.178745e-09
7.327053e-09
6.188221e-09
9.205305e-09
3.097358e-09
5.602866e-09
7.162698e-09
5.642775e-09
3.944729e-09
7.405984e-09
9.016295e-09
5.520687e-09
7.333448e-09
7.203658e-09
4.751944e-09
6.923696e-09
7.846520e-09
1.023427e-08
5.385990e-09
6.694406e-09
4.397186e-09
4.082212e-09
5.695004e-09
6.552552e-09
6.598640e-09
6.111729e-09
1.103513e-08
8.924372e-09
6.874640e-09
5.083912e-09
6.591285e-09
4.974785e-09
7.604342e-09
9.923136e-09
3.239060e-09
3.999568e-09
6.236195e-09
6.136027e-09
7.223751e-09
6.574978e-09
7.040991e-09
9.636577e-09
6.902481e-09
6.910369e-09
9.708394e-09
5.598561e-09
6.000317e-09
1.148674e-08
8.191091e-09
4.360737e-09
4.127774e-09
5.495825e-09
6.106936e-09
5.727221e-09
5.679550e-09
6.136555e-09
7.671406e-09
8.277189e-09
4.276784e-09
2.608984e-09
1.045600e-08
6.563514e-09
8.927925e-09
3.868563e-09
4.944541e-09
6.973648e-09
6.454800e-09
3.756178e-09
5.915091e-09
5.321378e-09
6.404281e-09
3.757512e-09
2.743349e-09
8.614166e-09
8.756714e-09
7.739809e-09
3.469155e-09
4.621572e-09
8.170397e-09
6.834037e-09
5.589334e-09
5.659559e-09
4.566775e-09
4.940751e-09
2.816143e-09
6.500234e-09
4.606618e-09
7.443873e-09
2.422748e-09
7.560672e-09
8.117398e-09
6.437401e-09
2.981514e-09
4.166201e-09
7.857229e-09
7.625624e-09
5.684342e-09
8.684265e-09
3.426666e-09
5.084109e-09
7.460279e-09
6.765990e-09
5.903933e-09
6.441499e-09
8.008716e-09
6.762943e-09
7.394020e-09
6.859780e-09
7.872532e-09
3.072860e-09
5.833569e-09
2.556783e-09
9.669150e-09
4.530917e-09
1.098104e-08
3.605539e-09
5.301539e-09
7.218347e-09
4.601905e-09
7.793485e-09
4.265285e-09
4.113641e-09
6.280084e-09
5.599506e-09
3.792013e-09
5.825930e-09
9.035093e-09
5.957215e-09
7.775449e-09
6.570524e-09
9.580395e-09
2.760569e-09
3.752995e-09
5.748997e-09
3.714920e-09
8.181402e-09
6.694164e-09
9.902865e-09
7.122844e-09
3.975198e-09
7.077703e-09
4.822756e-09
7.079141e-09
1.233362e-08
5.263319e-09
4.536563e-09
3.647275e-09
8.068187e-09
6.594988e-09
8.543587e-09
6.004445e-09
4.972301e-09
6.598202e-09
7.373359e-09
6.040710e-09
5.512233e-09
3.970067e-09
4.561071e-09
7.455332e-09
5.227406e-09
7.429260e-09
7.365867e-09
6.457042e-09
5.716945e-09
5.069579e-09
1.390807e-09
3.665812e-09
7.279615e-09
7.187705e-09
8.830689e-09
3.712122e-09
6.276621e-09
5.133691e-09
4.223714e-09
7.332112e-09
4.181820e-09
9.271325e-09
9.184148e-09
3.966508e-09
5.705225e-09
6.552510e-09
4.576084e-09
9.134725e-09
3.796868e-09
3.292139e-09
6.474604e-09
5.703799e-09
7.421128e-09
6.607704e-09
7.210030e-09
6.436168e-09
6.591623e-09
4.189190e-09
4.383524e-09
7.330276e-09
7.865201e-09
4.987396e-09
5.934732e-09
3.624727e-09
7.689799e-09
2.485926e-09
6.380356e-09
6.107134e-09
5.011582e-09
6.035358e-09
9.405514e-09
9.712805e-09
5.162536e-09
4.999347e-09
5.645982e-09
5.687092e-09
8.060585e-09
6.967311e-09
4.295599e-09
6.553194e-09
7.762349e-09
8.441707e-09
9.829996e-09
5.093552e-09
6.028694e-09
5.201459e-09
4.769891e-09
5.797944e-09
7.362975e-09
4.359885e-09
3.077504e-09
4.021183e-09
1.039430e-08
7.560633e-09
5.058432e-09
7.188016e-09
5.705739e-09
7.165728e-09
8.107378e-09
5.758241e-09
6.616527e-09
6.653473e-09
5.870028e-09
5.496739e-09
5.946797e-09
4.433817e-09
2.701538e-09
5.376573e-09
4.799249e-09
6.410124e-09
4.969825e-09
5.547753e-09
6.691575e-09
4.737136e-09
5.069266e-09
7.789167e-09
4.659433e-09
8.044194e-09
3.373476e-09
4.976844e-09
3.222001e-09
5.115073e-09
6.075950e-09
4.026067e-09
5.713854e-09
8.225039e-09
4.759286e-09
4.757798e-09
1.125408e-08
4.497515e-09
5.003571e-09
4.151381e-09
2.269684e-09
4.839599e-09
6.666177e-09
7.238249e-09
3.435812e-09
4.177435e-09
9.004328e-09
7.183205e-09
9.189441e-09
3.721737e-09
4.315641e-09
4.761683e-09
6.452606e-09
3.681463e-09
3.372449e-09
4.963067e-09
3.339580e-09
5.131313e-09
6.719228e-09
3.993632e-09
5.218691e-09
6.958431e-09
7.862165e-09
6.090466e-09
4.500563e-09
7.242849e-09
3.842750e-09
1.030287e-08
2.181047e-09
6.330372e-09
5.200535e-09
7.072005e-09
4.166392e-09
2.780001e-09
7.129592e-09
3.448310e-09
4.890893e-09
4.924006e-09
4.253451e-09
8.915206e-09
7.956873e-09
7.564791e-09
8.013497e-09
4.970594e-09
2.795874e-09
5.332352e-09
6.681807e-09
5.734732e-09
2.688606e-09
5.286244e-09
6.590025e-09
6.433638e-09
8.493437e-09
5.283309e-09
9.775415e-09
2.850305e-09
8.026705e-09
1.057258e-08
2.874688e-09
1.721566e-08
4.660182e-09
3.432881e-09
5.493912e-09
3.314669e-09
5.839804e-09
5.520553e-09
8.229714e-09
4.574321e-09
3.323241e-09
2.979298e-09
6.880773e-09
6.035431e-09
9.652122e-09
5.452596e-09
5.869494e-09
5.082238e-09
4.857406e-09
7.112108e-09
5.838831e-09
7.007318e-09
8.848683e-09
4.978761e-09
3.446897e-09
9.487917e-09
4.649491e-09
3.132761e-09
5.073102e-09
5.407741e-09
5.011403e-09
1.196308e-08
2.702179e-09
4.795452e-09
4.751656e-09
7.480789e-09
6.291489e-09
5.950458e-09
6.661686e-09
4.942221e-09
2.975820e-09
5.014233e-09
3.326164e-09
6.191630e-09
4.813280e-09
6.559891e-09
1.070437e-08
1.093058e-08
3.539111e-09
3.377465e-09
3.472593e-09
4.157834e-09
1.065211e-08
4.093385e-09
8.066237e-09
2.873301e-09
6.801739e-09
6.256256e-09
6.946013e-09
8.270231e-09
8.839154e-09
3.751889e-09
1.094484e-08
6.505231e-09
6.191653e-09
4.858108e-09
7.420638e-09
4.775600e-09
2.888681e-09
4.055822e-09
6.119107e-09
2.965943e-09
8.019949e-09
3.847137e-09
8.600958e-09
5.196192e-09
2.174704e-09
6.143193e-09
4.642626e-09
6.049768e-09
4.386221e-09
5.323631e-09
5.224318e-09
6.009334e-09
3.711397e-09
8.012300e-09
3.654039e-09
3.561347e-09
5.606451e-09
7.340418e-09
5.720719e-09
3.506776e-09
5.648226e-09
8.559944e-09
6.847900e-09
4.568825e-09
5.585156e-09
6.078260e-09
3.699771e-09
1.025273e-08
4.610441e-09
4.382519e-09
7.125280e-09
6.460812e-09
6.242181e-09
7.505605e-09
2.790209e-09
3.269501e-09
8.647967e-09
8.268018e-09
7.439767e-09
5.606534e-09
5.955237e-09
2.643924e-09
6.482877e-09
3.521426e-09
6.174959e-09
6.841339e-09
6.467618e-09
5.584721e-09
3.967514e-09
2.187801e-09
4.870802e-09
3.488801e-09
5.294109e-09
5.529801e-09
1.208402e-08
4.212780e-09
3.851088e-09
4.895356e-09
3.980266e-09
5.105624e-09
5.931223e-09
6.093056e-09
3.507547e-09
2.653747e-09
4.941153e-09
4.085755e-09
6.945940e-09
6.005916e-09
8.691497e-09
1.053152e-08
3.976633e-09
2.878620e-09
4.705201e-09
6.706536e-09
2.562317e-09
4.922127e-09
8.147955e-09
6.160754e-09
3.253199e-09
4.526770e-09
7.385786e-09
4.001903e-09
5.075951e-09
5.305344e-09
8.286833e-09
6.576061e-09
4.669792e-09
9.079322e-09
3.492105e-09
6.973647e-09
5.989371e-09
7.201020e-09
5.256655e-09
4.912381e-09
8.369449e-09
4.553435e-09
5.554888e-09
5.395462e-09
6.972512e-09
5.224236e-09
4.449191e-09
1.184047e-08
6.028586e-09
7.131732e-09
3.088464e-09
2.463534e-09
5.275758e-09
8.593716e-09
3.881837e-09
2.518786e-09
7.154242e-09
8.634145e-09
8.009829e-09
4.659882e-09
1.079760e-08
4.852652e-09
3.903846e-09
2.795684e-09
4.344035e-09
3.117190e-09
7.007840e-09
3.151734e-09
5.713672e-09
1.148117e-08
6.410979e-09
5.747819e-09
2.608131e-09
2.703649e-09
7.059641e-09
6.049349e-09
1.421197e-08
8.095781e-09
5.007398e-09
7.104810e-09
6.164330e-09
1.149181e-08
1.026315e-08
1.095029e-08
6.990024e-09
2.353806e-09
9.921486e-09
2.046392e-09
1.111377e-08
1.165906e-08
6.423764e-09
3.553322e-09
7.235073e-09
1.614416e-09
1.001909e-08
1.003957e-08
6.055364e-09
3.380859e-09
1.143502e-08
3.220524e-09
5.621098e-09
4.899765e-09
7.643895e-09
8.284053e-09
6.902686e-09
6.663791e-09
6.828242e-09
5.024238e-09
6.730752e-09
9.420651e-09
7.486535e-09
1.001122e-08
4.365243e-09
8.135716e-09
1.905770e-09
4.791332e-09
7.215594e-09
9.130098e-09
4.107185e-09
2.190103e-09
3.834297e-09
3.621154e-09
4.927528e-09
9.235243e-09
1.067252e-08
5.086095e-09
5.507388e-09
6.401905e-09
6.519813e-09
4.155707e-09
6.453615e-09
6.621262e-09
7.987937e-09
5.957767e-09
5.735822e-09
4.621021e-09
6.813247e-09
4.677385e-09
1.093090e-08
6.630762e-09
3.851344e-09
1.973256e-09
8.630284e-09
3.978236e-09
7.870468e-09
2.437248e-09
5.434234e-09
1.978914e-09
1.037765e-08
1.027156e-08
6.637613e-09
7.396368e-09
8.068857e-09
5.111699e-09
4.996364e-09
4.403177e-09
9.448192e-09
8.046897e-09
8.712562e-09
6.279239e-09
1.257224e-08
5.465949e-09
5.726931e-09
1.030750e-08
7.021008e-09
7.391276e-09
4.894377e-09
9.290290e-09
3.836073e-09
8.969757e-09
6.568894e-09
4.491051e-09
3.169026e-09
7.142471e-09
5.378014e-09
8.659049e-09
3.808024e-09
7.918164e-09
1.079897e-08
7.943627e-09
7.684052e-09
5.689043e-09
2.663872e-09
8.313925e-09
2.009908e-09
1.372263e-09
9.461521e-09
7.947648e-09
5.593685e-09
6.172735e-09
7.417394e-09
4.366745e-09
6.933146e-09
2.890360e-09
9.431475e-09
3.065401e-09
4.688283e-09
8.034637e-09
1.015436e-08
1.275408e-08
9.186037e-09
2.202629e-09
8.553042e-09
4.071740e-09
1.326076e-08
9.505942e-09
9.159001e-09
4.063346e-09
9.007901e-09
6.702192e-09
5.804282e-09
7.622313e-09
7.011386e-09
4.196983e-09
8.602261e-09
7.751878e-09
4.796496e-09
4.815291e-09
1.007706e-08
9.553481e-09
5.884510e-09
2.418743e-09
7.532772e-09
4.889222e-09
6.878458e-09
3.769356e-09
4.932610e-09
6.644098e-09
7.337258e-09
5.452992e-09
8.992253e-09
3.096613e-09
4.347602e-09
1.016574e-08
2.699482e-09
4.959873e-09
3.938590e-09
6.994904e-09
5.908902e-09
2.288694e-09
7.719975e-09
5.017137e-09
5.078423e-09
5.210232e-09
5.239590e-09
5.249248e-09
5.001964e-09
5.454023e-09
5.498756e-09
7.061581e-09
6.043166e-09
2.174604e-09
1.201442e-09
5.603047e-09
7.242190e-09
2.093219e-09
7.580535e-09
7.034095e-09
4.665152e-09
3.730998e-09
3.739538e-09
4.692245e-09
5.714836e-09
4.345013e-09
1.018324e-08
3.975520e-09
4.918163e-09
2.944804e-09
4.597449e-09
1.105917e-08
3.966747e-09
6.633279e-09
7.462264e-09
2.726780e-09
4.545036e-09
2.935605e-09
5.473103e-09
4.449856e-09
5.963564e-09
7.083796e-09
5.227740e-09
4.158247e-09
7.157612e-09
7.998015e-09
6.035348e-09
7.947614e-09
4.675355e-09
1.076873e-08
4.898364e-09
4.405294e-09
4.308250e-09
5.190150e-09
4.779344e-09
7.857922e-09
6.858683e-09
6.474117e-09
4.523811e-09
8.256518e-09
1.016146e-08
7.724790e-09
3.264579e-09
9.261099e-09
8.987797e-09
7.690241e-09
6.266113e-09
6.056096e-09
1.907153e-09
7.069449e-09
4.944908e-09
8.873544e-09
9.028134e-09
6.541283e-09
8.191327e-09
3.152621e-09
3.395384e-09
1.047661e-08
5.704308e-09
6.290953e-09
5.573139e-09
4.787243e-09
5.835459e-09
3.392640e-09
4.362811e-09
4.157283e-09
3.114130e-09
7.899979e-09
4.776506e-09
4.983253e-09
7.270770e-09
3.966014e-09
5.733342e-09
5.672539e-09
6.221561e-09
4.855837e-09
5.088495e-09
6.413220e-09
4.155210e-09
7.390450e-09
7.026234e-09
5.895449e-09
4.850936e-09
7.587850e-09
8.148669e-09
7.513460e-09
8.663833e-09
7.428744e-09
2.560851e-09
9.379224e-09
2.957811e-09
6.852056e-09
7.533554e-09
6.186213e-09
7.503941e-09
7.676221e-09
3.545998e-09
7.125648e-09
1.203120e-08
4.316205e-09
2.334922e-09
6.606375e-09
4.999623e-09
7.463396e-09
7.148170e-09
6.673358e-09
8.588018e-09
4.051081e-09
9.282040e-09
5.632924e-09
5.857726e-09
5.556122e-09
6.057847e-09
3.657070e-09
6.157029e-09
5.856140e-09
4.570869e-09
5.822038e-09
3.918584e-09
6.256908e-09
9.267156e-09
6.372106e-09
6.757739e-09
1.113163e-08
2.789845e-09
6.798372e-09
2.201788e-09
6.662612e-09
1.111289e-08
5.027944e-09
3.595679e-09
1.065695e-08
1.644330e-09
5.678429e-09
1.384230e-09
3.623345e-09
3.827763e-09
5.702789e-09
1.651118e-09
5.666833e-09
7.164389e-09
6.740039e-09
8.268185e-09
4.988327e-09
3.332961e-09
2.325385e-09
3.997889e-09
2.905809e-09
3.241493e-09
1.852896e-09
3.296712e-09
1.469473e-08
7.762557e-09
4.950805e-09
1.004327e-08
3.332354e-09
5.185945e-09
4.213185e-09
5.589474e-09
6.221397e-09
6.301996e-09
6.845958e-09
5.506762e-09
4.280416e-09
7.214315e-09
3.586161e-09
4.364140e-09
3.943446e-09
3.018208e-09
4.503759e-09
5.421595e-09
1.893960e-09
3.622898e-09
8.235835e-09
7.312664e-09
9.250064e-09
9.191174e-09
9.902736e-09
4.671145e-09
8.215622e-09
6.283112e-09
6.809590e-09
1.077629e-08
6.116912e-09
5.866861e-09
2.752960e-09
1.947200e-09
1.110409e-08
2.838093e-09
8.823388e-09
8.959820e-09
6.714252e-09
5.925605e-09
3.176361e-09
1.132891e-08
1.126271e-08
7.530333e-09
8.937684e-09
4.680428e-09
2.339109e-09
7.267453e-09
2.973492e-09
6.800686e-09
6.943140e-09
8.700235e-09
1.040720e-08
2.154803e-09
3.062539e-09
8.704214e-09
8.851675e-09
5.400158e-09
8.930069e-09
1.662989e-09
6.200904e-09
6.443729e-09
6.518294e-09
4.007368e-09
3.748429e-09
5.591295e-09
2.213851e-09
4.249785e-09
8.619852e-09
6.082898e-09
2.689699e-09
5.230221e-09
8.071868e-09
4.223052e-09
5.981187e-09
7.301916e-09
1.988717e-09
2.742840e-09
6.515218e-09
4.804778e-09
4.682410e-09
9.131810e-09
5.230419e-09
6.985674e-09
6.256442e-09
5.846659e-09
6.582862e-09
7.532089e-09
6.375552e-09
1.570765e-09
7.439455e-09
5.004587e-09
9.436941e-09
4.607153e-09
5.844538e-09
9.961448e-09
6.831074e-09
2.038156e-09
9.482900e-09
6.934488e-09
4.275008e-09
2.368224e-09
8.590287e-09
7.925368e-09
6.264796e-09
3.840060e-09
3.949228e-09
1.637541e-09
1.198980e-08
6.447377e-09
2.285977e-09
3.558611e-09
1.273000e-08
5.811658e-09
6.999764e-09
4.067783e-09
4.158229e-09
8.065239e-09
8.051805e-09
2.520501e-09
3.244413e-09
3.328358e-09
3.767363e-09
7.537802e-09
4.607372e-09
7.199935e-09
2.849708e-09
3.652390e-09
4.107162e-09
4.500795e-09
2.727476e-09
1.333024e-09
4.992728e-09
7.102429e-09
1.492514e-09
6.201571e-09
6.405523e-09
5.329256e-09
5.710579e-09
2.154453e-09
4.660679e-09
3.860818e-09
2.770525e-09
5.266720e-09
3.168878e-09
5.776099e-09
4.784370e-09
3.443171e-09
3.438956e-09
3.010942e-09
5.047297e-09
4.675473e-09
5.153844e-09
6.325726e-09
2.778063e-09
4.179860e-09
3.633706e-09
2.383509e-09
6.143772e-09
3.198315e-09
3.815029e-09
7.230033e-09
2.403590e-09
2.456211e-09
2.085466e-09
3.865137e-09
4.142522e-09
4.334190e-09
7.083638e-09
1.464573e-09
3.191702e-09
2.070593e-09
5.441979e-09
5.694362e-09
2.713492e-09
3.917189e-09
2.582534e-09
6.029805e-09
4.684833e-09
3.244261e-09
5.785907e-09
1.173727e-09
1.655248e-09
2.305357e-09
4.635011e-09
2.427546e-09
2.968946e-09
5.942702e-09
3.454696e-09
4.232479e-09
2.177587e-09
5.706060e-09
4.943553e-09
3.436227e-09
5.105456e-09
1.651412e-09
5.908042e-09
9.058650e-09
2.362030e-09
3.465813e-09
2.192373e-09
2.216929e-09
3.775820e-09
2.959284e-09
3.556901e-09
3.465738e-09
4.323942e-09
3.773956e-09
8.009918e-09
5.754384e-09
5.404456e-09
2.657261e-09
2.704045e-09
3.591588e-09
5.310725e-09
1.715616e-09
6.549741e-09
2.396648e-09
5.124589e-09
6.729136e-09
5.174464e-09
2.081619e-09
2.951140e-09
5.751740e-09
2.239192e-09
1.178004e-09
1.613260e-09
2.251951e-09
5.133194e-09
1.921165e-09
3.640913e-09
3.513736e-09
2.726572e-09
2.777548e-09
1.888666e-09
3.610208e-09
2.386011e-09
1.939301e-09
4.096545e-09
2.113789e-09
2.774056e-09
3.104827e-09
7.280812e-09
2.153658e-09
1.442680e-09
6.835148e-09
2.176777e-09
5.134974e-09
1.302443e-09
3.487705e-09
5.581018e-09
1.648558e-09
4.356721e-09
3.807949e-09
1.422780e-09
4.127119e-09
9.332956e-09
3.331216e-09
3.275325e-09
5.126830e-09
6.578347e-09
3.665709e-09
5.497339e-09
4.995262e-09
2.577959e-09
6.336735e-09
4.321838e-09
2.077270e-09
4.700894e-09
3.461957e-09
6.451869e-09
3.186423e-09
5.142802e-09
4.908270e-09
7.783453e-09
2.737927e-09
5.132568e-09
5.797758e-09
1.652298e-09
9.302221e-09
1.828405e-09
1.357005e-09
3.427194e-09
3.599329e-09
1.423918e-09
3.981351e-09
4.388657e-09
6.946948e-09
1.786718e-09
2.524254e-09
3.137963e-09
1.346917e-09
3.254010e-09
4.907459e-09
3.086586e-09
2.329020e-09
3.495867e-09
3.109594e-09
5.675773e-09
2.791722e-09
4.750384e-09
4.229650e-09
1.751516e-09
2.728609e-09
3.912387e-09
4.649750e-09
4.175780e-09
2.642971e-09
2.568904e-09
2.947585e-09
3.939534e-09
2.671393e-09
2.323446e-09
2.837493e-09
5.137849e-09
3.228465e-09
4.738642e-09
3.713315e-09
4.172032e-09
2.780643e-09
6.556685e-09
4.999576e-09
3.939331e-09
2.230390e-09
8.753612e-10
5.861742e-09
2.575978e-09
1.275536e-09
6.316340e-09
4.627517e-09
5.255286e-09
5.876159e-09
1.195236e-09
4.031270e-09
3.831561e-09
9.460454e-09
3.740048e-09
6.940145e-10
3.380036e-09
3.630160e-09
1.247959e-09
3.725613e-09
3.643446e-09
2.866969e-09
1.529144e-09
2.091168e-09
3.384346e-09
3.473152e-09
4.064744e-09
6.921727e-09
5.124326e-09
1.648680e-09
2.752949e-09
3.272794e-09
7.217101e-09
5.749436e-09
4.989530e-09
2.821161e-09
4.349139e-09
3.287412e-09
3.228822e-09
3.940781e-09
5.220453e-09
4.627091e-09
1.125909e-09
9.563880e-09
1.503599e-09
1.526788e-09
3.898313e-09
5.123240e-09
5.815087e-09
1.650951e-09
2.806686e-09
3.603233e-09
4.671249e-09
4.860589e-09
3.165016e-09
2.974311e-09
3.624811e-09
2.490651e-09
4.456459e-09
3.946418e-09
4.271973e-09
2.189766e-09
2.607687e-09
9.497850e-10
4.809909e-09
4.003088e-09
3.186661e-09
3.034150e-09
3.927127e-09
3.638313e-09
6.713308e-09
5.277749e-09
4.252349e-09
2.479055e-09
5.991047e-09
4.133537e-09
4.636460e-09
4.774397e-09
2.985063e-09
7.495882e-09
3.288984e-09
4.004846e-09
1.738926e-09
3.337334e-09
2.133427e-09
3.728411e-09
2.314366e-09
3.516852e-09
5.903218e-09
3.970697e-09
3.739885e-09
3.407626e-09
2.930130e-09
2.085357e-09
4.062048e-09
3.144672e-09
3.251598e-09
3.467204e-09
3.392989e-09
2.709386e-09
8.025447e-09
3.050815e-09
4.032168e-09
4.429553e-09
3.076248e-09
1.803459e-09
2.710030e-09
2.909646e-09
3.775053e-09
3.774121e-09
3.347164e-09
6.071480e-09
5.497547e-09
3.078378e-09
4.215906e-09
2.892709e-09
1.462904e-09
4.505451e-09
3.896202e-09
4.544048e-09
4.395385e-09
3.418041e-09
2.166905e-09
4.766639e-09
6.476459e-09
4.075756e-09
3.162191e-09
4.320991e-09
2.668712e-09
4.043631e-09
3.325412e-09
3.068894e-09
3.814779e-09
3.539595e-09
7.146928e-09
2.793681e-09
4.393755e-09
2.780571e-09
1.482667e-09
2.513543e-09
4.877008e-09
5.246782e-09
3.498627e-09
1.200683e-09
6.304652e-09
3.754246e-09
4.993283e-09
2.364919e-09
2.884368e-09
4.118622e-09
5.492692e-09
3.879399e-09
2.972538e-09
1.103826e-09
2.985965e-09
3.103252e-09
1.775460e-09
6.272228e-09
1.220869e-09
5.353725e-09
5.300206e-09
4.045361e-09
4.284442e-09
3.231130e-09
1.859387e-09
2.480170e-09
3.003059e-09
2.279132e-09
3.126083e-09
1.434313e-09
1.804359e-09
2.472166e-09
1.432686e-09
6.262112e-09
2.564147e-09
3.626524e-09
2.812250e-09
4.331285e-09
1.983628e-09
2.065229e-09
6.030697e-09
2.957511e-09
4.993408e-09
2.994122e-09
1.706120e-09
2.407818e-09
3.134542e-09
3.163650e-09
5.351466e-09
5.687889e-09
1.355478e-09
4.265628e-09
5.146310e-09
1.749764e-09
2.911688e-09
3.293437e-09
1.250523e-09
3.108182e-09
1.640258e-09
4.984651e-09
3.188389e-09
3.778298e-09
1.979365e-09
4.326901e-09
3.156190e-09
2.245008e-09
3.385090e-09
3.512431e-09
6.650717e-09
1.957256e-09
2.505496e-09
1.510933e-09
2.655534e-09
3.698757e-09
4.999284e-09
5.629933e-09
4.669587e-09
4.212664e-09
2.108178e-09
9.834398e-10
1.775366e-09
1.837966e-09
2.085382e-09
2.571985e-09
3.215564e-09
3.012310e-09
2.436751e-09
6.054165e-09
2.509124e-09
1.359753e-09
4.116185e-09
2.441497e-09
5.081355e-09
2.718339e-09
3.557336e-09
4.726537e-09
2.765130e-09
3.756326e-09
3.907550e-09
2.875507e-09
3.468974e-09
4.308904e-09
4.962096e-09
5.258079e-09
5.703443e-09
2.482633e-09
1.917226e-09
4.791851e-09
4.978913e-09
3.019504e-09
3.228684e-09
3.934938e-09
2.074918e-09
2.987517e-09
4.325314e-09
2.172565e-09
6.000260e-09
3.201421e-09
3.049056e-09
3.369549e-09
3.949372e-09
8.466089e-09
3.746577e-09
4.467694e-09
5.283884e-09
3.022560e-09
4.197018e-09
2.164464e-09
7.761614e-09
2.970889e-09
7.370845e-09
3.542653e-09
5.835216e-09
4.779896e-09
8.264738e-09
4.378674e-09
1.998767e-09
1.170933e-09
2.448063e-09
6.010080e-09
5.455712e-09
3.927787e-09
2.821713e-09
4.040421e-09
4.103115e-09
5.498005e-09
3.452283e-09
2.323882e-09
5.933039e-09
1.664273e-09
5.840773e-09
3.225595e-09
5.559775e-09
3.214155e-09
4.407743e-09
2.347279e-09
5.285404e-09
7.519515e-09
6.497416e-09
3.820852e-09
2.797430e-09
4.787995e-09
5.605724e-09
3.711865e-09
6.591168e-09
7.335222e-09
4.005966e-09
7.085163e-09
3.020164e-09
6.180700e-09
3.005665e-09
4.498902e-09
2.440897e-09
6.909574e-09
4.519339e-09
5.096488e-09
3.611866e-09
4.452973e-09
6.004382e-09
3.901082e-09
1.942149e-09
7.106447e-09
6.215368e-09
6.063178e-09
3.377651e-09
4.594977e-09
1.934210e-09
1.885672e-09
3.567105e-09
6.716363e-09
3.058632e-09
6.831484e-09
2.779211e-09
2.967231e-09
2.713832e-09
3.924386e-09
2.187022e-09
4.607236e-09
4.178513e-09
2.773441e-09
2.200343e-09
6.210209e-09
6.270980e-09
4.521151e-09
6.476739e-09
4.013742e-09
1.350965e-09
3.791273e-09
4.807982e-09
2.619614e-09
4.813339e-09
5.623380e-09
2.312630e-09
2.249689e-09
1.648976e-09
6.587596e-09
4.087007e-09
1.192254e-09
3.385636e-09
4.406605e-09
8.384592e-09
4.888775e-09
4.921408e-09
3.441117e-09
5.130552e-09
5.064107e-09
5.776316e-09
4.832238e-09
2.438101e-09
8.874681e-09
3.217700e-09
3.823271e-09
2.358276e-09
3.426541e-09
3.703668e-09
2.782022e-09
7.930872e-09
5.327935e-09
2.146779e-09
3.928764e-09
3.612126e-09
4.698476e-09
3.856435e-09
4.011392e-09
3.960512e-09
3.525226e-09
6.651482e-09
4.595591e-09
1.783142e-09
2.824498e-09
4.116555e-09
2.980459e-09
2.814144e-09
5.017688e-09
4.294294e-09
4.461046e-09
5.973102e-09
3.197412e-09
2.749171e-09
4.487788e-09
6.341955e-09
4.054653e-09
5.983825e-09
1.729509e-09
4.346362e-09
2.574106e-09
4.144065e-09
3.858814e-09
2.892621e-09
4.002139e-09
2.963695e-09
2.539493e-09
5.527129e-09
6.629356e-09
5.233298e-09
2.270506e-09
2.483055e-09
9.494253e-10
5.686885e-09
4.264618e-09
2.473591e-09
3.272656e-09
3.923879e-09
4.271153e-09
6.011168e-09
3.377955e-09
7.614234e-09
3.875198e-09
3.672650e-09
2.250348e-09
6.557083e-09
3.359897e-09
1.767796e-09
2.604210e-09
3.608560e-09
5.791723e-09
6.804119e-09
3.306295e-09
2.854159e-09
4.635481e-09
3.187705e-09
4.605432e-09
3.474766e-09
3.172398e-09
5.248814e-09
2.774851e-09
2.007039e-09
2.220521e-09
7.290936e-09
6.324257e-09
2.763171e-09
1.990493e-09
5.465345e-09
4.648776e-09
4.177164e-09
3.001810e-09
5.194012e-09
5.297055e-09
7.950295e-09
8.267936e-10
3.037951e-09
6.820969e-09
4.626751e-09
6.607996e-09
3.942431e-09
3.681536e-09
5.285181e-09
5.970431e-09
2.570769e-09
2.201762e-09
3.791531e-09
2.864765e-09
1.555800e-09
4.105314e-09
5.504440e-09
4.512019e-09
3.336047e-09
4.753480e-09
5.118760e-09
2.556861e-09
3.064915e-09
2.202928e-09
5.989088e-09
2.702236e-09
7.138237e-09
3.715910e-09
2.047115e-09
4.745730e-09
4.729352e-09
2.765713e-09
1.808726e-09
8.191835e-10
1.349157e-09
4.139585e-09
2.964013e-09
2.487084e-09
2.371717e-09
2.819751e-09
7.803063e-09
2.062312e-09
1.488030e-09
1.969458e-09
1.668012e-09
2.827550e-09
2.839218e-09
7.366041e-09
3.238408e-09
5.767546e-09
4.827066e-09
4.290935e-09
3.020670e-09
4.730459e-09
1.715151e-09
3.275884e-09
1.929342e-09
2.892981e-09
3.087941e-09
1.310380e-09
3.796498e-09
3.903689e-09
2.042900e-09
4.617344e-09
2.429763e-09
7.985173e-09
7.485191e-09
4.610918e-09
3.027465e-09
2.038095e-09
3.968716e-09
4.424433e-09
4.661219e-09
5.147630e-09
3.288669e-09
3.031458e-09
5.468344e-09
4.539102e-09
1.482410e-09
1.685789e-09
3.356242e-09
2.159774e-09
4.228391e-09
6.836355e-09
3.708542e-09
2.027983e-09
1.761402e-09
2.947387e-09
3.872399e-09
1.661057e-09
2.000478e-09
4.823409e-09
3.390746e-09
6.729411e-09
3.803458e-09
6.219966e-09
4.792345e-09
6.914251e-09
4.571163e-09
1.416135e-09
3.549336e-09
1.199824e-08
4.597212e-09
9.817692e-09
1.208808e-09
3.533262e-09
2.950226e-09
4.735866e-09
7.136137e-09
6.219564e-09
3.385829e-09
2.653698e-09
2.894056e-09
5.008652e-09
1.287674e-09
3.689228e-09
3.231992e-09
1.881619e-09
3.528396e-09
3.958734e-09
1.795364e-09
2.966012e-09
1.540368e-09
3.306358e-09
3.658567e-09
2.836714e-09
3.433242e-09
9.990796e-09
5.260632e-09
3.027148e-09
2.157237e-09
1.536135e-09
7.401121e-09
1.029921e-09
1.362988e-09
4.100217e-09
2.474329e-09
3.165430e-09
2.568614e-09
1.471080e-09
2.622511e-09
2.941348e-09
4.072234e-09
2.709649e-09
2.546945e-09
3.789685e-09
4.085738e-09
3.885644e-09
2.804110e-09
1.485110e-09
4.667194e-09
6.334062e-09
4.057529e-09
1.369985e-09
2.763521e-09
6.466841e-09
6.610903e-10
3.397884e-09
5.498548e-09
2.528774e-09
6.189356e-09
4.603934e-09
3.077339e-09
4.132391e-09
3.295105e-09
1.484740e-09
9.532298e-10
6.802921e-09
6.111912e-09
5.912133e-09
3.777477e-09
4.074862e-09
1.563821e-09
8.812460e-10
2.100137e-09
2.326871e-09
3.129059e-09
4.749717e-09
5.366063e-09
6.315336e-09
5.128571e-09
2.951944e-09
3.171976e-09
2.011335e-09
5.632565e-09
1.721179e-09
5.194495e-09
4.099022e-09
2.030510e-09
2.599103e-09
3.425100e-09
5.120185e-09
4.223248e-09
6.249491e-09
2.911924e-09
4.602924e-09
6.635216e-09
3.391546e-09
2.103099e-09
5.807305e-09
1.992551e-09
3.743803e-09
2.231260e-09
2.182865e-09
4.015655e-09
3.582842e-09
3.252695e-09
2.997339e-09
2.506294e-09
2.283865e-09
1.631068e-09
1.808236e-09
5.059653e-09
2.286801e-09
4.578690e-09
3.589447e-09
4.487072e-09
2.892192e-09
2.439004e-09
1.591019e-09
2.894920e-09
5.520692e-09
3.501977e-09
2.310045e-09
3.843356e-09
3.513288e-09
2.297618e-09
1.583478e-09
5.726253e-09
2.204677e-09
4.838944e-09
2.883337e-09
2.081513e-09
5.772454e-09
2.272429e-09
4.133412e-09
4.529780e-09
3.386407e-09
7.265917e-09
3.087786e-09
2.865551e-09
6.302759e-09
2.930953e-09
2.037397e-09
2.464137e-09
3.639438e-09
2.107267e-09
3.944719e-09
3.722634e-09
6.399234e-09
4.208456e-09
2.903434e-09
4.165751e-09
2.551776e-09
2.139938e-09
4.323459e-09
5.684204e-09
3.208396e-09
5.298005e-09
1.078919e-09
4.371651e-09
5.084405e-09
3.922187e-09
3.211000e-09
2.791242e-09
5.109277e-09
1.502177e-09
1.840612e-09
3.889695e-09
3.896413e-09
2.354095e-09
3.279963e-09
3.087319e-09
2.895001e-09
1.532916e-09
4.741816e-09
2.401570e-09
2.602264e-09
2.614833e-09
4.107999e-09
2.619885e-09
6.531479e-09
4.623212e-09
6.026774e-09
2.848029e-09
3.216380e-09
2.450288e-09
3.346308e-09
4.731116e-09
5.903995e-09
6.216204e-09
3.473408e-09
1.736812e-09
3.445912e-09
3.931815e-09
3.686217e-09
3.965614e-09
4.798904e-09
4.150107e-09
4.637651e-09
4.332303e-09
4.729473e-09
2.377334e-09
5.481377e-09
6.027392e-09
8.685487e-09
4.132850e-09
2.770638e-09
1.297341e-09
5.691530e-09
3.414820e-09
3.245042e-09
2.660460e-09
5.544036e-09
3.938226e-09
3.386941e-09
5.319501e-09
3.790387e-09
2.065447e-09
4.674084e-09
5.296984e-09
4.533490e-09
1.813785e-09
2.352495e-09
2.003634e-09
7.452605e-09
3.792466e-09
5.930586e-09
5.639037e-09
4.424462e-09
4.474915e-09
7.175026e-09
3.556248e-09
3.807324e-09
4.103237e-09
3.971613e-09
1.897002e-09
5.917002e-09
3.989114e-09
5.703974e-09
3.725773e-09
2.368429e-09
4.668757e-09
3.965276e-09
4.129834e-09
4.591985e-09
4.032059e-09
3.972654e-09
3.080923e-09
6.134070e-09
5.247462e-09
5.350569e-09
5.870845e-09
2.969334e-09
3.471083e-09
3.106695e-09
4.538173e-09
5.597236e-09
4.638133e-09
1.816422e-09
5.436507e-09
4.119417e-09
2.954887e-09
2.441366e-09
5.294303e-09
7.785116e-09
5.265643e-09
3.200765e-09
2.529540e-09
4.285845e-09
2.645162e-09
5.568041e-09
6.026935e-09
4.008770e-09
3.715672e-09
1.741898e-09
7.391978e-09
6.391549e-09
3.061964e-09
4.088284e-09
4.973086e-09
1.236102e-09
6.124134e-09
4.270613e-09
4.247272e-09
6.336264e-09
4.722050e-09
4.984286e-09
2.543889e-09
1.927664e-09
2.456965e-09
3.492933e-09
1.674051e-09
3.813317e-09
2.019721e-09
4.944653e-09
5.062167e-09
3.908520e-09
3.575028e-09
5.880851e-09
4.520036e-09
3.125120e-09
4.442790e-09
6.205730e-09
4.750414e-09
3.619888e-09
3.262235e-09
5.012295e-09
5.249632e-09
3.740865e-09
4.452860e-09
5.864072e-09
5.941618e-09
2.407325e-09
4.004387e-09
2.433414e-09
4.115256e-09
3.368071e-09
2.351393e-09
1.135924e-09
3.132045e-09
3.662512e-09
2.355827e-09
1.947351e-09
1.880914e-09
2.199089e-09
3.322065e-09
3.966319e-09
3.715779e-09
3.566560e-09
3.805202e-09
3.424044e-09
3.364528e-09
6.985826e-09
4.661457e-09
3.282272e-09
4.923218e-09
4.788701e-09
2.103843e-09
3.203753e-09
3.819472e-09
5.803329e-09
5.167269e-09
2.015029e-09
3.507889e-09
4.528973e-09
8.225069e-09
3.745505e-09
5.087009e-09
6.644294e-09
2.291079e-09
4.443006e-09
4.210058e-09
4.301158e-09
4.602896e-09
2.863713e-09
3.635280e-09
4.984177e-09
1.809294e-09
5.147719e-09
4.807729e-09
2.300482e-09
2.281621e-09
3.288326e-09
4.540799e-09
5.044887e-09
1.992521e-09
3.132221e-09
1.474518e-09
3.946284e-09
3.104437e-09
2.506887e-09
4.109619e-09
6.125463e-09
2.018536e-09
3.430875e-09
1.977742e-09
3.262341e-09
4.694684e-09
5.462511e-09
3.302879e-09
2.848502e-09
9.941223e-10
4.829683e-09
4.466569e-09
3.965318e-09
2.785246e-09
2.897110e-09
2.948269e-09
3.035797e-09
2.584115e-09
6.139773e-09
2.938280e-09
1.930970e-09
4.211407e-09
2.443865e-09
5.331521e-09
3.640760e-09
5.044819e-09
5.456395e-09
5.229815e-09
4.129997e-09
6.824417e-09
3.758908e-09
3.461524e-09
5.898145e-09
3.105793e-09
1.628168e-09
4.351903e-09
3.191140e-09
2.234771e-09
2.992976e-09
3.628370e-09
3.616718e-09
1.216680e-09
3.797477e-09
4.848664e-09
2.983979e-09
2.757645e-09
5.319608e-09
3.243222e-09
7.061275e-09
2.731546e-09
2.482463e-09
2.064106e-09
4.884653e-09
4.159907e-09
4.449264e-09
2.951004e-09
2.495667e-09
4.205658e-09
5.059997e-09
4.913324e-09
3.246966e-09
3.310456e-09
4.254884e-09
3.037886e-09
3.292565e-09
5.712076e-09
4.724800e-09
4.129425e-09
5.561472e-09
2.529150e-09
4.878300e-09
4.331302e-09
3.160492e-09
4.178860e-09
3.580044e-09
3.314490e-09
1.804695e-09
2.224543e-09
3.990913e-09
1.501393e-09
2.950272e-09
2.513032e-09
4.385642e-09
4.286067e-09
3.613445e-09
5.686261e-09
1.738793e-09
4.749534e-09
1.983544e-09
2.327380e-09
4.828930e-09
2.503098e-09
4.467128e-09
2.052171e-09
1.899492e-09
4.094423e-09
4.084954e-09
4.605485e-09
2.628328e-09
3.312350e-09
2.352216e-09
2.878383e-09
4.047664e-09
2.484777e-09
3.370232e-09
5.462454e-09
5.386617e-09
4.814156e-09
3.991191e-09
3.339371e-09
3.352847e-09
2.927925e-09
4.927094e-09
3.506812e-09
5.152054e-09
3.061148e-09
2.672126e-09
3.712620e-09
3.697051e-09
4.789505e-09
7.214923e-09
5.052497e-09
2.024041e-09
2.114546e-09
1.623538e-09
2.160153e-09
4.026958e-09
2.518225e-09
1.022135e-09
3.861742e-09
4.077274e-09
2.254643e-09
3.687530e-09
4.520834e-09
1.165044e-09
4.367593e-09
1.566277e-09
1.462701e-09
3.598229e-09
5.942804e-09
5.191599e-09
2.407676e-09
1.713352e-09
2.695981e-09
3.172321e-09
3.242485e-09
6.512105e-09
1.270331e-09
1.439627e-09
4.970631e-09
4.543132e-09
2.843181e-09
2.306271e-09
3.827960e-09
2.962405e-09
1.686422e-09
4.087671e-09
3.826628e-09
2.495519e-09
2.348077e-09
1.443688e-09
3.610125e-09
5.072342e-09
4.245103e-09
2.668961e-09
5.118660e-09
5.932708e-09
2.823084e-09
2.349776e-09
2.537256e-09
1.680744e-09
4.223201e-09
7.485013e-09
5.727622e-09
2.156388e-09
3.543290e-09
4.283360e-09
3.476402e-09
3.006444e-09
3.219247e-09
4.270254e-09
3.244427e-09
2.472127e-09
2.604260e-09
4.858645e-09
3.838568e-09
4.165646e-09
1.710532e-09
6.937041e-09
2.899846e-09
4.806940e-09
2.567755e-09
4.067064e-09
1.368048e-09
1.756353e-09
1.984860e-09
1.589703e-09
2.665573e-09
1.229481e-09
1.499521e-09
1.541861e-09
3.833835e-09
9.140055e-10
5.619964e-09
2.220191e-09
4.873102e-09
2.592749e-09
3.063713e-09
3.617648e-09
2.714514e-09
4.463056e-09
1.857819e-09
2.295536e-09
2.025774e-09
3.342584e-09
7.356988e-10
4.023898e-09
1.913265e-09
4.006177e-09
3.048655e-09
1.880806e-09
2.363285e-09
4.159173e-09
4.026980e-09
2.432606e-09
2.160685e-09
2.360786e-09
2.873040e-09
2.972953e-09
2.032512e-09
3.681597e-09
4.780668e-09
2.565366e-09
4.837742e-09
4.693740e-09
6.896737e-10
3.469678e-09
2.449794e-09
3.395412e-09
1.024765e-08
5.960140e-09
2.918783e-09
1.647980e-09
3.721889e-09
2.737092e-09
5.987660e-09
2.598288e-09
3.181389e-09
1.311419e-09
1.437427e-09
2.410247e-09
5.881264e-09
4.070864e-09
4.113592e-09
4.689774e-09
4.415334e-09
4.638431e-09
3.338819e-09
2.661283e-09
2.663395e-09
2.437205e-09
3.526602e-09
2.979025e-09
1.243351e-09
5.561862e-09
3.970345e-09
1.804082e-09
4.414523e-09
5.293789e-09
2.758822e-09
2.710532e-09
1.038322e-09
3.708137e-09
6.119787e-09
3.082619e-09
3.540837e-09
2.039495e-09
3.690254e-09
3.249110e-09
1.962904e-09
4.122571e-09
3.525904e-09
2.278027e-09
3.804289e-09
2.198686e-09
2.283265e-09
1.996925e-09
5.663051e-09
3.448852e-09
2.513993e-09
1.953305e-09
6.804807e-09
4.064000e-09
1.299136e-09
3.230512e-09
6.077940e-09
3.165974e-09
3.791692e-09
5.486766e-10
2.204390e-09
5.498426e-09
4.613284e-09
4.859487e-09
6.779588e-09
1.791634e-09
2.089290e-09
2.631828e-09
4.068547e-09
2.546906e-09
5.868269e-09
3.441563e-09
1.296655e-09
3.321596e-09
3.561964e-09
4.114355e-09
4.072631e-09
3.518375e-09
2.807456e-09
5.191462e-09
5.039807e-09
1.807829e-09
3.497388e-09
2.410726e-09
1.455497e-09
4.453952e-09
3.428216e-09
2.557448e-09
4.030839e-09
2.861143e-09
8.991340e-09
1.653462e-09
6.989584e-09
1.291527e-09
4.130824e-09
1.960537e-09
2.605981e-09
4.842824e-09
5.227065e-09
9.623828e-10
3.555044e-09
4.300063e-09
3.537599e-09
4.779998e-09
2.613562e-09
3.171881e-09
1.354151e-09
1.393133e-09
1.791191e-09
3.794016e-09
2.887938e-09
2.774188e-09
1.140840e-09
3.121311e-09
1.621048e-09
2.225530e-09
2.482943e-09
1.500418e-09
2.712574e-09
3.945079e-09
3.577214e-09
1.996135e-09
6.778020e-09
6.844676e-09
3.724737e-09
1.704324e-09
7.388680e-09
1.385934e-09
4.389650e-09
7.121167e-09
9.200717e-10
4.347506e-09
4.668103e-09
5.606188e-09
3.057568e-09
2.304173e-09
3.419596e-09
5.723103e-09
3.894062e-09
1.441759e-09
2.241545e-09
5.067864e-09
2.108976e-09
1.395526e-09
4.407570e-09
3.375010e-09
5.746234e-09
2.284520e-09
5.195571e-09
5.346465e-09
6.075418e-09
4.986674e-09
4.398280e-09
1.851478e-09
4.419913e-09
5.285161e-09
1.845090e-09
4.366783e-09
1.739341e-09
2.441561e-09
6.220537e-09
4.195522e-09
6.707973e-09
1.579350e-09
4.578645e-09
3.634752e-09
6.756269e-09
3.971184e-09
2.688929e-09
2.510385e-09
1.934481e-09
6.187835e-09
3.548006e-09
2.015230e-09
2.984133e-09
5.954103e-09
4.900759e-09
3.391571e-09
1.315550e-09
5.284229e-09
3.247195e-09
3.373805e-09
3.006360e-09
2.335728e-09
3.620464e-09
1.919563e-09
3.022941e-09
2.606394e-09
2.664012e-09
3.474924e-09
2.286933e-09
5.879697e-09
2.336107e-09
5.767210e-09
3.852529e-09
2.645176e-09
4.212880e-09
4.326552e-09
5.350555e-09
7.235032e-09
5.106390e-09
8.895062e-10
1.743287e-09
5.122458e-09
2.274343e-09
4.207671e-09
5.951200e-09
2.637477e-09
4.734886e-09
6.752766e-09
3.318412e-09
4.654907e-09
5.929391e-09
2.290213e-09
5.454174e-09
7.661554e-09
1.871840e-09
1.217137e-09
2.575989e-09
5.675736e-09
9.514884e-10
2.987495e-09
2.172589e-09
2.669589e-09
5.561915e-09
2.341639e-09
2.115534e-09
2.127926e-09
2.340876e-09
3.299069e-09
2.011598e-09
5.643930e-09
4.894629e-09
2.709011e-09
4.401662e-09
3.042631e-09
2.625394e-09
4.242650e-09
1.527650e-09
4.206271e-09
6.093724e-09
3.835538e-09
6.791543e-09
3.665379e-09
3.096777e-09
4.459935e-09
5.246834e-09
4.575171e-09
2.484328e-09
4.828750e-09
2.907979e-09
3.153465e-09
4.815880e-09
1.402569e-09
3.777828e-09
3.009808e-09
5.538818e-09
3.703962e-09
3.848253e-09
2.297922e-09
2.558884e-09
3.586303e-09
5.047144e-09
5.640639e-09
2.328892e-09
4.380227e-09
3.959812e-09
3.540533e-09
2.305055e-09
6.565840e-09
2.347494e-09
2.616072e-09
3.384448e-09
2.575147e-09
4.450950e-09
4.722837e-09
3.400406e-09
2.461202e-09
5.889293e-09
3.063349e-09
1.365277e-09
2.210750e-09
3.826368e-09
1.819001e-09
3.764424e-09
2.211535e-09
4.308147e-09
3.039377e-09
5.060201e-09
3.770642e-09
3.380475e-09
1.706847e-09
5.266071e-09
2.045132e-09
2.671649e-09
4.154316e-09
5.250074e-09
3.868518e-09
1.767122e-09
4.337197e-09
2.986457e-09
5.265790e-09
3.685256e-09
1.933073e-09
1.173830e-09
4.977933e-09
9.565047e-10
5.261043e-09
1.168407e-09
2.318028e-09
3.299257e-09
9.169279e-10
2.221158e-09
2.905252e-09
2.919882e-09
3.718905e-09
4.023994e-09
4.554809e-09
4.032355e-09
3.515281e-09
4.363850e-09
2.316905e-09
2.284809e-09
3.250740e-09
1.329094e-08
3.815355e-09
9.107596e-09
1.674894e-09
4.301262e-09
3.270786e-09
3.141707e-09
3.851069e-09
4.850464e-09
2.319656e-09
2.864623e-09
2.470699e-09
1.751930e-09
3.835567e-09
4.260136e-09
4.976147e-09
2.673753e-09
1.574933e-09
2.303253e-09
4.846501e-09
2.093465e-09
5.056634e-09
3.603591e-09
1.973593e-09
3.575242e-09
2.956745e-09
1.631793e-09
8.705467e-09
1.819313e-09
4.190693e-09
2.561388e-09
3.426355e-09
3.491401e-09
3.419970e-09
2.208646e-09
2.186721e-09
2.108181e-09
2.870082e-09
5.173014e-09
2.754561e-09
3.520967e-09
2.757940e-09
3.966687e-09
2.645865e-09
1.511167e-09
2.981839e-09
3.202777e-09
3.008965e-09
2.784101e-09
2.648935e-09
2.370393e-09
3.254034e-09
1.512840e-09
1.881609e-09
2.722108e-09
4.013540e-09
3.905679e-09
3.327682e-09
2.421048e-09
1.514983e-09
3.069413e-09
2.352608e-09
2.858391e-09
2.187419e-09
2.537089e-09
1.855876e-09
1.947008e-09
2.081855e-09
1.829447e-09
5.034511e-09
3.046184e-09
1.638030e-09
2.807466e-09
3.162031e-09
6.151830e-09
3.035475e-09
3.028403e-09
3.284490e-09
1.578271e-09
1.240721e-09
3.013891e-09
3.823467e-09
9.986574e-09
2.977391e-09
3.671698e-09
4.745023e-09
2.764479e-09
2.322986e-09
3.402793e-09
3.326164e-09
3.978564e-09
2.759268e-09
7.647922e-09
5.089596e-09
4.146973e-09
3.562166e-09
2.499592e-09
5.526642e-09
2.743177e-09
3.530074e-09
3.021578e-09
1.311799e-09
5.050112e-09
1.958620e-09
6.315047e-09
2.029653e-09
1.866365e-09
2.947575e-09
2.439881e-09
4.161132e-09
4.562735e-09
3.585465e-09
1.716356e-09
4.625009e-09
2.162289e-09
2.752226e-09
1.741004e-09
1.637418e-09
2.463354e-09
4.132132e-09
3.049939e-09
1.761203e-09
1.749303e-09
2.687027e-09
7.335821e-10
2.833297e-09
2.500140e-09
2.175495e-09
5.422015e-09
1.550062e-09
2.469724e-09
3.498939e-09
3.350511e-09
1.852951e-09
2.743919e-09
4.553597e-09
2.282888e-09
3.040816e-09
4.785446e-09
7.668309e-09
3.917481e-09
2.661618e-09
1.604768e-09
2.583873e-09
2.828769e-09
1.885603e-09
2.761761e-09
2.425472e-09
3.817449e-09
1.375721e-09
2.462706e-09
6.093208e-10
3.320501e-09
1.955732e-09
4.128297e-09
4.358140e-09
1.800774e-09
4.405193e-09
2.040233e-09
4.970376e-09
3.795845e-09
2.452117e-09
3.324223e-09
2.472662e-09
3.416211e-09
3.559219e-09
3.875684e-09
1.614769e-09
3.277285e-09
3.436888e-09
5.869737e-09
1.709832e-09
1.647172e-09
3.030292e-09
2.953117e-09
1.267380e-09
3.088822e-09
2.003825e-09
3.376353e-09
1.434033e-09
2.129618e-09
2.459186e-09
2.163479e-09
1.831957e-09
4.812962e-09
5.484445e-09
4.028902e-09
2.523098e-09
1.065153e-09
2.407391e-09
2.166508e-09
1.075320e-09
1.941549e-09
1.941726e-09
7.492175e-09
6.934027e-09
2.967902e-09
2.952388e-09
2.374720e-09
2.903463e-09
3.617680e-09
2.602083e-09
2.143726e-09
1.995074e-09
1.738341e-09
3.972670e-09
5.080891e-09
2.747095e-09
5.357097e-09
4.344214e-09
6.798615e-09
2.889647e-09
1.258163e-09
4.336742e-09
7.547246e-09
3.318611e-09
4.044012e-09
4.506599e-09
4.453249e-09
2.309522e-09
3.064708e-09
3.801650e-09
3.595238e-09
2.238785e-09
4.063875e-09
4.186075e-09
2.277914e-09
5.242513e-09
4.131363e-09
4.779656e-09
1.957583e-09
2.292306e-09
3.321085e-09
2.730509e-09
5.322509e-09
2.860929e-09
1.702313e-09
2.809730e-09
2.938413e-09
3.018488e-09
5.738299e-09
1.765489e-09
8.956284e-10
3.737029e-09
2.404201e-09
4.376858e-09
3.286786e-09
2.000399e-09
4.550407e-09
6.005516e-09
2.790066e-09
2.967439e-09
5.547508e-09
3.762747e-09
1.171996e-09
3.505856e-09
7.736238e-09
1.899271e-09
3.247586e-09
3.823214e-09
4.246072e-09
3.001293e-09
3.299290e-09
1.254390e-09
5.791342e-09
5.043767e-09
2.327370e-09
2.469944e-09
2.515419e-09
3.367691e-09
3.835047e-09
3.637565e-09
3.495315e-09
2.755442e-09
5.655805e-09
3.264465e-09
1.939482e-09
2.011091e-09
1.539502e-09
6.045534e-09
3.877598e-09
3.829601e-09
3.066372e-09
2.132451e-09
1.427795e-09
4.194507e-09
2.941426e-09
3.743567e-09
5.337309e-09
1.750781e-09
3.806840e-09
2.443718e-09
5.281486e-09
1.687022e-09
3.478321e-09
4.828235e-09
3.303599e-09
3.000922e-09
3.669709e-09
1.087056e-09
3.047079e-09
3.468972e-09
7.089446e-09
5.652067e-09
1.280331e-09
2.018119e-09
3.786398e-09
8.136284e-09
1.960783e-09
3.594497e-09
2.318136e-09
3.517836e-09
3.846464e-09
3.270073e-09
1.778374e-09
5.709440e-09
1.933085e-09
2.053502e-09
2.848161e-09
2.503314e-09
2.136639e-09
5.539302e-09
7.855913e-09
8.089018e-09
8.171836e-09
3.219458e-09
4.940415e-09
3.430021e-09
4.585758e-09
5.261242e-09
1.484052e-09
1.203743e-09
3.159071e-09
3.854861e-09
4.021734e-09
5.070309e-09
6.794441e-09
4.179909e-09
3.668133e-09
3.175546e-09
3.193473e-09
2.217494e-09
4.029895e-09
3.421730e-09
5.726385e-09
3.370796e-09
3.703559e-09
2.995566e-09
2.211561e-09
2.524282e-09
9.991657e-10
2.549593e-09
6.055514e-09
3.601199e-09
3.152240e-09
1.884343e-09
1.892854e-09
6.043326e-09
2.345175e-09
3.131508e-09
2.521454e-09
3.402891e-09
2.211163e-09
3.853711e-09
7.160804e-09
4.624137e-09
1.697924e-09
2.204651e-09
2.470876e-09
2.046638e-09
2.015396e-09
2.962539e-09
1.675410e-09
8.872331e-10
4.396470e-09
3.436274e-09
2.557747e-09
2.006105e-09
1.457777e-09
8.077819e-09
6.726250e-09
6.389365e-09
3.695772e-09
3.885182e-09
7.210241e-09
3.214548e-09
3.201184e-09
3.853312e-09
5.051751e-09
6.710248e-09
2.626003e-09
3.546049e-09
9.426258e-09
4.277854e-09
1.077902e-09
1.320140e-09
1.730808e-09
1.167124e-09
2.306363e-09
4.263176e-09
2.739436e-09
2.003311e-09
3.125285e-09
1.389230e-09
5.056752e-09
1.062438e-09
5.418194e-09
4.792825e-09
4.640153e-09
3.216749e-09
3.564565e-09
3.017503e-09
4.478592e-09
2.883448e-09
3.363997e-09
2.278162e-09
5.968827e-09
6.018525e-09
4.697264e-09
2.547763e-09
3.413721e-09
3.450596e-09
4.169079e-09
2.496185e-09
4.171342e-09
4.210668e-09
1.776552e-09
1.614726e-09
2.746678e-09
2.151795e-09
3.016805e-09
4.261485e-09
3.722847e-09
6.178955e-09
3.979990e-09
3.166752e-09
2.702708e-09
4.418631e-09
4.186872e-09
9.599874e-10
4.506862e-09
1.700881e-09
4.726113e-09
2.797809e-09
3.899110e-09
3.047981e-09
3.083987e-09
6.131555e-09
5.951970e-09
3.118057e-09
2.754333e-09
3.986300e-09
2.841566e-09
4.137442e-09
4.708356e-09
3.360230e-09
2.427833e-09
3.782355e-09
2.862153e-09
4.797355e-09
2.864518e-09
8.221455e-09
5.574532e-10
3.367463e-09
2.744577e-09
3.618184e-09
9.360528e-10
1.957146e-09
8.397871e-09
2.065736e-09
2.013883e-09
4.961806e-09
3.695273e-09
4.419590e-09
2.329464e-09
3.846822e-09
3.401616e-09
2.834785e-09
4.398777e-09
2.555340e-09
1.006206e-09
2.393715e-09
3.192383e-09
1.401258e-09
3.737150e-09
2.614842e-09
1.225746e-09
2.194857e-09
2.519993e-09
1.686528e-09
9.994096e-10
4.135857e-09
1.420284e-09
2.122633e-09
1.715150e-09
1.959858e-09
1.398902e-09
2.920507e-09
2.324027e-09
6.112976e-09
2.960006e-09
3.591034e-09
6.555518e-09
4.130461e-09
4.864937e-09
2.638157e-09
3.329870e-09
4.107376e-09
3.917183e-09
6.446299e-09
4.039380e-09
2.293286e-09
4.310265e-09
2.319218e-09
2.449694e-09
2.476660e-09
3.822255e-09
2.691294e-09
3.390671e-09
4.013133e-09
3.206750e-09
2.692126e-09
2.396311e-09
3.065067e-09
2.922515e-09
3.163694e-09
2.941123e-09
3.411221e-09
2.812792e-09
2.588283e-09
5.096645e-09
4.612830e-09
2.986049e-09
2.670480e-09
5.436882e-09
9.032506e-09
5.429155e-09
6.987247e-09
5.407064e-09
2.651012e-09
8.025175e-09
5.270138e-09
3.095717e-09
7.837069e-09
5.506650e-09
5.026300e-09
6.451116e-09
5.493242e-09
3.435486e-09
4.980918e-09
5.983252e-09
9.231022e-09
6.515049e-09
4.813177e-09
5.090436e-09
5.121191e-09
7.929087e-09
2.913985e-09
2.805169e-09
5.889580e-09
6.179337e-09
4.740437e-09
4.929964e-09
4.367952e-09
7.792828e-09
6.136833e-09
7.311302e-09
8.438730e-09
3.976276e-09
4.588342e-09
9.721347e-09
6.488190e-09
5.983120e-09
7.508732e-09
7.376529e-09
5.081646e-09
9.932655e-09
4.741065e-09
6.921280e-09
4.808180e-09
8.732276e-09
2.507114e-09
7.434058e-09
6.002202e-09
4.133098e-09
3.318812e-09
6.856926e-09
5.443818e-09
3.129617e-09
2.922463e-09
3.796252e-09
5.428692e-09
9.546989e-09
5.051032e-09
6.681349e-09
8.002397e-09
7.420983e-09
6.607514e-09
1.037961e-08
3.991852e-09
2.946495e-09
3.661467e-09
4.120255e-09
2.551763e-09
5.035184e-09
8.738505e-09
2.816898e-09
2.350660e-09
3.128828e-09
4.144413e-09
5.629868e-09
5.325776e-09
2.233601e-09
2.444277e-09
2.141204e-09
5.455446e-09
4.093165e-09
4.446302e-09
3.322184e-09
4.585749e-09
2.743866e-09
2.727438e-09
3.029658e-09
4.240744e-09
3.243090e-09
4.180901e-09
2.451387e-09
3.169333e-09
5.338717e-09
5.297964e-09
3.219515e-09
3.016251e-09
2.373622e-09
2.365429e-09
2.939473e-09
3.194634e-09
2.439135e-09
1.901611e-09
4.084181e-09
3.544116e-09
4.782004e-09
6.680735e-09
3.969450e-09
4.264328e-09
7.455028e-09
5.422018e-09
5.760880e-09
2.966536e-09
5.832857e-09
5.535179e-09
4.997837e-09
6.482822e-09
6.352698e-09
4.541832e-09
8.075386e-09
5.670897e-09
5.223929e-09
6.020641e-09
5.816164e-09
6.152445e-09
3.976434e-09
3.872806e-09
7.116223e-09
7.654746e-09
3.005608e-09
6.730427e-09
3.540140e-09
3.464075e-09
5.570082e-09
3.702523e-09
3.905604e-09
2.809825e-09
3.821015e-09
3.422614e-09
4.546031e-09
3.237991e-09
4.664526e-09
4.080341e-09
4.738886e-09
6.337649e-09
1.807290e-08
1.347195e-08
1.334866e-08
1.999456e-08
1.205024e-08
9.908346e-09
1.745323e-08
1.982805e-08
9.977722e-09
1.359019e-08
1.504986e-08
1.274310e-08
1.959808e-08
1.416125e-08
1.423267e-08
1.597385e-08
1.717340e-08
1.948797e-08
2.999375e-08
1.908300e-08
2.155907e-08
1.650499e-08
1.845782e-08
1.972564e-08
1.876656e-08
1.602791e-08
1.525164e-08
1.648302e-08
2.597084e-08
1.918698e-08
1.239676e-08
2.213940e-08
2.040618e-08
1.251658e-08
2.195893e-08
2.023775e-08
1.295636e-08
1.348337e-08
2.368120e-08
1.635935e-08
1.717268e-08
2.143531e-08
2.301983e-08
2.048206e-08
2.393072e-08
1.790608e-08
2.525667e-08
1.928412e-08
1.577053e-08
1.696566e-08
2.038288e-08
1.636933e-08
2.031680e-08
1.746080e-08
1.783169e-08
1.465710e-08
2.268035e-08
2.961672e-08
2.170030e-08
1.910425e-08
2.342612e-08
3.276082e-08
1.366415e-08
1.678688e-08
1.975119e-08
1.797249e-08
1.462024e-08
2.882458e-08
1.736130e-08
1.524947e-08
1.454188e-08
2.497500e-08
2.286725e-08
1.932216e-08
2.167478e-08
1.303720e-08
1.770999e-08
2.275209e-08
2.158939e-08
2.297871e-08
2.163963e-08
2.139237e-08
1.838461e-08
1.712177e-08
2.358246e-08
2.375096e-08
1.751358e-08
2.153864e-08
2.394182e-08
2.124493e-08
2.575968e-08
2.237311e-08
2.774643e-08
2.169336e-08
1.790007e-08
1.780148e-08
2.429453e-08
2.432647e-08
2.156245e-08
2.400593e-08
1.856870e-08
2.582067e-08
3.297378e-08
2.421106e-08
1.829057e-08
1.824941e-08
2.037502e-08
2.378334e-08
1.809717e-08
1.932110e-08
2.139771e-08
1.825554e-08
2.088081e-08
2.263244e-08
1.824499e-08
1.730082e-08
2.187712e-08
1.541468e-08
1.694008e-08
2.378141e-08
1.843246e-08
2.277801e-08
2.058261e-08
2.147474e-08
1.839749e-08
1.781567e-08
2.305784e-08
2.012409e-08
1.718889e-08
2.586145e-08
2.180911e-08
2.260023e-08
1.949929e-08
2.328527e-08
2.150254e-08
1.987696e-08
2.395443e-08
1.554730e-08
1.897246e-08
2.337931e-08
1.893913e-08
1.367532e-08
1.913630e-08
1.991929e-08
1.890344e-08
2.316080e-08
1.428548e-08
1.079363e-08
2.367821e-08
2.474866e-08
1.095223e-08
1.604932e-08
2.352412e-08
1.906306e-08
2.400231e-08
3.334155e-08
1.956801e-08
1.998606e-08
3.274958e-08
2.018160e-08
1.590883e-08
2.126575e-08
2.604532e-08
2.023100e-08
2.403990e-08
2.217591e-08
2.195480e-08
2.192207e-08
2.041369e-08
1.607506e-08
2.359893e-08
2.452376e-08
1.997944e-08
2.075303e-08
1.675723e-08
1.913382e-08
2.331407e-08
2.581782e-08
2.192441e-08
2.238374e-08
2.046169e-08
2.506164e-08
1.260121e-08
2.547230e-08
1.860124e-08
1.931550e-08
1.525273e-08
1.947471e-08
2.534765e-08
1.533112e-08
2.235322e-08
2.186148e-08
1.433201e-08
2.249811e-08
1.993052e-08
2.160452e-08
2.992573e-08
1.874793e-08
2.353506e-08
2.189706e-08
1.826879e-08
1.942600e-08
2.232982e-08
2.708841e-08
2.397334e-08
1.669458e-08
1.925388e-08
2.596582e-08
3.179830e-08
1.926791e-08
2.043163e-08
2.260581e-08
1.452429e-08
1.881203e-08
1.824528e-08
2.228932e-08
1.523684e-08
2.041527e-08
2.503575e-08
2.933030e-08
1.552787e-08
1.428221e-08
1.796644e-08
2.929111e-08
2.210438e-08
2.659306e-08
1.866231e-08
2.568298e-08
1.957167e-08
1.844845e-08
2.045429e-08
2.023380e-08
1.874421e-08
3.277927e-08
2.210030e-08
2.278995e-08
2.060880e-08
2.370724e-08
1.750491e-08
1.444591e-08
2.053177e-08
1.892625e-08
2.356603e-08
2.352907e-08
1.524943e-08
2.756423e-08
1.419454e-08
2.475748e-08
2.329329e-08
2.480343e-08
1.915023e-08
1.865372e-08
1.708518e-08
2.681955e-08
2.549134e-08
2.005942e-08
2.465897e-08
2.049099e-08
1.646021e-08
2.244033e-08
1.786192e-08
1.879280e-08
2.182747e-08
2.388015e-08
1.650518e-08
1.953488e-08
1.740303e-08
2.094408e-08
2.681123e-08
2.492875e-08
1.486771e-08
2.915754e-08
1.700115e-08
2.297615e-08
1.874416e-08
1.810612e-08
2.499743e-08
2.230750e-08
1.608152e-08
1.596785e-08
2.299877e-08
1.489852e-08
2.789972e-08
1.702295e-08
2.098277e-08
1.329401e-08
2.108313e-08
2.533714e-08
2.065668e-08
1.837378e-08
2.072601e-08
1.834415e-08
1.670724e-08
2.164067e-08
2.851488e-08
2.254380e-08
2.541058e-08
2.523861e-08
2.440342e-08
1.895604e-08
1.908170e-08
1.955179e-08
1.978374e-08
1.806200e-08
2.091034e-08
2.163512e-08
2.602967e-08
1.876433e-08
1.619314e-08
3.381290e-08
2.887377e-08
2.229493e-08
1.821991e-08
1.966646e-08
2.619691e-08
2.375350e-08
2.621658e-08
2.351255e-08
2.015614e-08
1.450488e-08
2.741626e-08
2.519482e-08
2.206866e-08
2.084110e-08
1.819847e-08
1.945438e-08
2.246776e-08
1.861740e-08
1.776208e-08
2.038716e-08
2.673860e-08
1.528387e-08
2.180503e-08
2.487254e-08
2.184166e-08
2.159259e-08
2.808607e-08
2.522343e-08
3.217974e-08
2.276392e-08
2.846726e-08
2.217458e-08
2.007860e-08
1.925714e-08
1.879149e-08
2.278761e-08
2.508481e-08
2.728140e-08
2.281723e-08
1.703827e-08
2.484678e-08
1.688026e-08
2.827668e-08
1.215445e-08
1.689309e-08
1.700537e-08
1.966109e-08
2.677614e-08
2.102429e-08
1.248713e-08
1.657643e-08
2.178523e-08
2.204314e-08
2.742254e-08
1.422113e-08
1.664257e-08
1.977371e-08
1.819660e-08
1.535903e-08
2.868567e-08
1.987776e-08
2.552244e-08
2.191860e-08
1.434180e-08
2.473535e-08
2.925740e-08
1.656740e-08
1.726997e-08
2.237461e-08
2.732928e-08
2.746048e-08
2.197437e-08
1.649781e-08
2.503470e-08
2.720520e-08
1.946928e-08
1.809504e-08
2.240045e-08
1.970956e-08
2.861710e-08
2.860108e-08
1.913676e-08
1.373750e-08
2.310054e-08
2.268464e-08
2.161834e-08
2.453144e-08
1.764244e-08
1.519186e-08
1.707064e-08
1.342384e-08
2.339995e-08
1.694959e-08
1.406024e-08
1.507736e-08
1.513053e-08
1.386698e-08
2.527359e-08
1.408130e-08
1.167499e-08
2.258548e-08
2.434584e-08
2.478675e-08
1.898806e-08
2.269508e-08
2.565169e-08
1.332610e-08
2.013047e-08
1.828609e-08
2.523157e-08
3.026181e-08
1.911267e-08
1.529283e-08
2.230319e-08
1.842294e-08
1.439136e-08
1.325070e-08
1.633533e-08
1.845518e-08
2.171964e-08
1.382055e-08
1.766180e-08
1.862186e-08
2.119778e-08
1.745534e-08
1.566638e-08
1.657319e-08
2.359872e-08
3.059281e-08
1.206309e-08
1.919794e-08
1.737897e-08
1.919747e-08
2.105177e-08
2.209326e-08
1.891452e-08
1.812106e-08
2.823389e-08
1.991935e-08
2.091068e-08
2.359924e-08
1.861168e-08
1.897522e-08
2.509485e-08
1.355206e-08
1.962525e-08
2.339971e-08
1.754542e-08
1.793998e-08
1.186395e-08
1.852175e-08
1.816678e-08
1.892187e-08
3.090994e-08
2.527844e-08
2.041226e-08
2.848495e-08
1.815504e-08
1.619880e-08
1.250675e-08
1.502238e-08
1.681677e-08
2.035903e-08
1.897522e-08
1.701728e-08
1.750679e-08
2.234639e-08
1.763840e-08
1.815221e-08
1.758722e-08
1.654819e-08
1.901534e-08
1.647896e-08
1.944638e-08
2.025998e-08
2.238631e-08
1.619082e-08
2.228342e-08
1.851523e-08
1.689492e-08
2.080128e-08
1.245681e-08
1.387363e-08
2.051321e-08
1.809652e-08
1.929081e-08
1.391851e-08
1.619250e-08
1.773775e-08
1.830581e-08
1.832316e-08
2.093855e-08
1.960365e-08
1.872722e-08
1.751682e-08
2.386842e-08
1.330379e-08
1.553616e-08
1.713071e-08
2.305845e-08
2.242140e-08
2.402790e-08
2.350926e-08
2.527783e-08
1.982930e-08
1.355125e-08
2.339402e-08
2.785607e-08
1.252978e-08
1.537064e-08
2.201575e-08
2.096517e-08
2.923919e-08
1.522312e-08
2.146909e-08
1.775367e-08
1.942669e-08
1.325316e-08
9.848374e-09
1.977179e-08
1.968579e-08
1.727636e-08
2.077907e-08
2.243337e-08
1.262239e-08
1.616720e-08
2.172406e-08
2.234757e-08
1.456767e-08
1.554998e-08
2.168819e-08
1.028550e-08
1.144594e-08
2.209085e-08
2.623744e-08
2.048175e-08
1.818322e-08
1.271651e-08
2.053550e-08
2.085286e-08
2.041279e-08
1.277507e-08
1.164074e-08
2.436739e-08
1.947083e-08
2.897002e-08
1.748241e-08
2.391661e-08
2.117181e-08
2.066236e-08
2.219414e-08
2.093295e-08
1.492229e-08
2.241112e-08
1.620211e-08
2.057750e-08
2.678344e-08
1.379904e-08
1.819670e-08
1.499033e-08
2.129098e-08
1.439176e-08
1.956765e-08
1.811458e-08
1.813318e-08
1.346412e-08
1.044552e-08
1.892097e-08
1.086910e-08
2.875242e-08
1.908064e-08
1.885892e-08
2.393837e-08
2.661782e-08
1.880665e-08
1.332206e-08
2.047713e-08
1.921746e-08
1.845882e-08
2.585840e-08
1.479370e-08
2.779894e-08
2.264848e-08
1.595860e-08
1.776340e-08
1.924958e-08
2.034300e-08
2.017771e-08
2.799740e-08
1.224393e-08
1.291846e-08
1.379150e-08
6.907115e-09
1.477234e-08
1.982432e-08
1.383382e-08
2.108987e-08
1.443849e-08
1.297664e-08
1.644351e-08
2.595029e-08
2.149406e-08
2.112201e-08
1.441431e-08
2.205321e-08
1.879846e-08
1.804550e-08
1.794218e-08
1.653541e-08
1.732123e-08
2.076230e-08
1.889288e-08
1.521652e-08
2.444242e-08
1.653963e-08
1.475977e-08
8.900794e-09
2.303454e-08
1.962551e-08
2.006535e-08
1.794364e-08
1.425962e-08
1.728056e-08
1.911765e-08
1.740256e-08
1.000875e-08
1.249358e-08
1.669777e-08
2.063159e-08
1.235635e-08
2.185329e-08
1.527887e-08
1.545968e-08
1.615057e-08
1.702221e-08
1.084381e-08
1.693805e-08
1.261281e-08
2.528857e-08
2.054933e-08
1.541636e-08
2.382323e-08
1.542093e-08
1.485533e-08
1.399196e-08
1.640005e-08
1.845635e-08
1.580208e-08
1.648176e-08
1.903329e-08
1.772330e-08
1.800377e-08
1.513739e-08
1.653734e-08
1.490387e-08
1.928384e-08
1.990731e-08
1.640675e-08
2.372470e-08
1.777941e-08
1.481831e-08
1.463208e-08
1.653377e-08
1.618868e-08
2.026121e-08
1.975622e-08
1.746818e-08
2.087863e-08
1.748327e-08
1.896419e-08
1.316097e-08
2.270335e-08
2.468909e-08
1.888653e-08
1.577971e-08
1.904173e-08
2.312292e-08
1.797929e-08
1.982720e-08
1.768590e-08
1.508306e-08
2.331322e-08
2.145496e-08
8.365170e-09
9.691697e-09
2.363335e-08
1.523606e-08
2.013968e-08
1.406867e-08
1.509271e-08
1.500648e-08
1.790983e-08
1.072466e-08
1.890379e-08
1.900550e-08
1.485630e-08
1.346377e-08
1.458878e-08
1.996193e-08
1.684406e-08
1.139065e-08
9.755386e-09
1.132363e-08
1.828623e-08
2.243018e-08
1.617900e-08
8.126883e-09
1.772464e-08
1.320016e-08
1.566156e-08
1.859964e-08
1.536789e-08
1.191243e-08
1.834930e-08
1.715025e-08
2.348830e-08
2.112216e-08
1.977579e-08
1.145048e-08
1.802077e-08
1.149618e-08
2.380311e-08
2.639375e-08
1.779060e-08
1.665441e-08
1.276594e-08
2.630183e-08
2.169480e-08
1.380165e-08
1.760984e-08
2.094861e-08
2.095721e-08
5.373613e-09
1.736993e-08
1.769622e-08
1.459281e-08
2.223493e-08
1.250772e-08
1.963706e-08
2.012450e-08
1.498718e-08
1.759543e-08
1.882905e-08
1.639142e-08
1.969867e-08
1.163011e-08
1.825664e-08
1.864043e-08
1.914094e-08
1.804115e-08
1.438524e-08
1.417636e-08
1.792418e-08
1.206367e-08
1.797945e-08
1.403845e-08
2.444551e-08
2.445053e-08
1.427828e-08
1.594669e-08
1.482881e-08
1.360965e-08
1.788411e-08
1.618016e-08
1.617538e-08
2.458127e-08
1.293836e-08
1.076282e-08
1.700412e-08
1.379857e-08
1.528388e-08
1.811195e-08
1.630372e-08
1.407656e-08
1.715253e-08
1.917088e-08
1.698189e-08
1.114733e-08
1.016339e-08
1.728905e-08
1.596855e-08
2.021383e-08
1.122540e-08
1.903625e-08
1.805147e-08
1.699934e-08
1.174157e-08
1.613428e-08
1.488373e-08
8.161660e-09
2.087682e-08
1.822894e-08
1.824396e-08
1.953960e-08
1.748612e-08
1.454390e-08
2.473596e-08
1.029142e-08
2.120004e-08
1.415776e-08
1.867545e-08
1.855536e-08
1.263247e-08
1.741649e-08
1.425080e-08
1.358245e-08
1.949620e-08
1.443695e-08
1.730458e-08
1.698792e-08
1.793163e-08
1.272215e-08
2.022694e-08
2.143398e-08
1.442348e-08
1.973456e-08
1.539017e-08
1.090033e-08
1.994746e-08
2.199886e-08
1.549482e-08
1.996046e-08
1.349368e-08
1.358129e-08
1.076487e-08
1.355194e-08
1.724572e-08
2.323910e-08
1.576763e-08
1.244007e-08
1.811148e-08
1.672576e-08
1.770991e-08
1.912814e-08
1.446783e-08
1.837633e-08
7.747552e-09
1.381495e-08
2.005209e-08
1.279425e-08
1.755164e-08
1.425565e-08
1.429509e-08
2.105304e-08
1.626761e-08
1.461154e-08
1.800835e-08
1.280503e-08
1.604337e-08
1.860628e-08
9.119397e-09
1.570244e-08
2.112434e-08
1.787875e-08
1.691678e-08
1.026026e-08
1.337198e-08
1.120093e-08
1.661984e-08
1.990300e-08
1.629694e-08
1.636399e-08
1.529628e-08
1.800725e-08
1.251300e-08
2.163841e-08
1.328999e-08
1.483655e-08
1.491573e-08
1.835354e-08
7.876386e-09
2.087343e-08
1.076593e-08
2.260840e-08
1.098822e-08
1.829186e-08
1.313612e-08
6.561166e-09
1.541825e-08
1.381307e-08
2.104176e-08
1.754656e-08
1.391816e-08
2.174201e-08
1.148351e-08
1.587867e-08
1.275673e-08
1.255783e-08
1.491622e-08
1.259629e-08
1.621552e-08
1.982075e-08
2.140876e-08
1.024235e-08
1.804040e-08
1.156274e-08
2.037237e-08
6.634509e-09
1.282067e-08
1.855356e-08
1.917751e-08
1.359380e-08
1.763651e-08
1.545671e-08
1.876570e-08
1.093078e-08
1.652703e-08
1.137449e-08
1.461798e-08
2.288080e-08
1.182785e-08
1.049152e-08
1.813733e-08
1.567971e-08
1.138797e-08
1.321657e-08
1.543519e-08
1.088019e-08
2.106411e-08
8.274907e-09
2.222313e-08
1.524069e-08
1.734907e-08
1.747147e-08
1.346063e-08
1.028200e-08
2.130766e-08
1.536628e-08
1.587163e-08
1.329491e-08
1.490162e-08
1.553197e-08
1.856063e-08
1.564872e-08
1.788459e-08
1.466061e-08
1.305930e-08
1.431303e-08
1.643815e-08
1.729389e-08
1.317026e-08
2.140832e-08
1.659313e-08
1.687101e-08
1.695834e-08
9.938631e-09
1.498287e-08
1.518500e-08
1.887852e-08
1.377544e-08
1.400120e-08
1.686511e-08
1.695464e-08
1.704533e-08
1.946092e-08
2.075569e-08
1.403337e-08
1.023925e-08
1.759259e-08
8.501594e-09
1.341596e-08
1.556694e-08
1.249082e-08
1.059308e-08
1.614390e-08
1.768472e-08
1.705673e-08
1.881546e-08
1.806921e-08
2.107709e-08
1.545817e-08
1.154811e-08
2.260287e-08
1.528609e-08
1.656025e-08
1.336187e-08
1.611790e-08
2.154396e-08
2.463622e-08
1.593663e-08
1.420617e-08
1.716099e-08
1.082471e-08
1.247921e-08
1.046267e-08
1.133954e-08
1.299306e-08
8.522198e-09
1.134261e-08
1.689926e-08
1.345543e-08
1.630988e-08
1.476432e-08
1.579174e-08
1.382770e-08
1.453588e-08
1.146399e-08
2.654305e-08
1.855708e-08
8.405465e-09
1.281054e-08
1.480041e-08
1.351491e-08
1.751347e-08
1.646898e-08
1.228677e-08
7.469480e-09
1.248887e-08
1.491776e-08
1.569409e-08
1.534284e-08
1.400891e-08
1.914191e-08
1.455078e-08
1.712230e-08
1.599248e-08
8.852050e-09
1.982788e-08
9.396353e-09
8.825017e-09
1.360883e-08
2.002349e-08
1.961574e-08
1.483428e-08
1.459565e-08
1.543931e-08
1.271722e-08
1.629046e-08
1.145022e-08
1.383935e-08
1.470010e-08
1.333819e-08
1.002862e-08
1.765239e-08
1.490756e-08
1.518617e-08
1.194845e-08
1.273803e-08
9.177124e-09
1.282031e-08
1.519700e-08
1.337971e-08
6.704492e-09
1.036795e-08
1.093811e-08
1.592238e-08
2.302158e-08
9.117772e-09
1.673497e-08
1.127778e-08
1.016824e-08
1.229978e-08
2.252796e-08
1.112153e-08
1.921996e-08
1.933758e-08
1.172254e-08
1.714086e-08
1.574439e-08
1.469195e-08
1.621003e-08
1.631763e-08
8.848228e-09
9.277235e-09
1.917201e-08
1.138322e-08
8.759160e-09
1.479577e-08
1.189354e-08
1.249095e-08
9.853963e-09
1.290669e-08
6.436652e-09
1.472135e-08
1.069730e-08
1.354930e-08
1.959376e-08
1.588690e-08
1.106061e-08
1.179716e-08
1.380110e-08
1.261104e-08
1.535677e-08
1.175056e-08
7.694877e-09
8.566737e-09
1.394653e-08
1.522181e-08
8.811976e-09
8.780379e-09
9.762833e-09
1.224294e-08
1.525435e-08
1.133633e-08
1.579532e-08
1.693102e-08
8.986421e-09
1.912546e-08
1.335226e-08
1.532712e-08
1.681501e-08
1.752513e-08
1.188578e-08
1.236038e-08
2.143906e-08
1.116047e-08
1.973444e-08
1.401589e-08
2.041637e-08
9.728671e-09
1.044228e-08
1.453181e-08
1.325986e-08
1.444011e-08
9.152178e-09
1.849309e-08
8.081176e-09
1.451570e-08
1.138124e-08
9.585360e-09
1.080280e-08
1.425978e-08
1.970355e-08
1.595638e-08
1.209037e-08
9.025423e-09
1.187411e-08
1.478507e-08
1.619246e-08
1.369096e-08
1.551486e-08
1.007857e-08
1.407073e-08
1.669957e-08
1.336375e-08
1.770209e-08
1.911140e-08
1.862085e-08
1.574858e-08
2.146041e-08
1.734786e-08
1.091066e-08
1.383361e-08
1.573727e-08
6.956516e-09
1.567627e-08
1.946798e-08
1.721478e-08
7.992432e-09
1.463908e-08
1.567052e-08
1.639153e-08
1.715639e-08
9.037788e-09
1.000141e-08
1.392242e-08
1.190448e-08
9.822709e-09
1.661724e-08
1.155334e-08
1.421533e-08
1.629198e-08
1.360602e-08
1.845076e-08
1.337765e-08
1.002475e-08
2.468531e-08
1.766988e-08
9.891187e-09
8.931026e-09
5.639455e-09
1.540625e-08
1.590757e-08
1.374059e-08
1.557458e-08
8.379642e-09
1.595481e-08
1.486142e-08
1.483529e-08
1.561827e-08
2.037157e-08
1.395040e-08
1.227473e-08
1.616310e-08
5.747728e-09
1.582727e-08
1.682860e-08
1.829962e-08
1.464006e-08
1.133686e-08
1.472993e-08
1.462708e-08
1.953477e-08
1.253213e-08
1.449775e-08
1.341223e-08
9.968383e-09
8.059162e-09
8.553093e-09
1.469886e-08
1.246086e-08
9.199542e-09
1.518566e-08
7.578908e-09
1.203013e-08
1.338239e-08
1.403794e-08
1.249464e-08
2.088009e-08
1.989831e-08
1.433201e-08
1.211930e-08
1.283103e-08
7.220801e-09
1.117455e-08
1.042439e-08
1.511572e-08
1.396888e-08
9.576963e-09
7.992806e-09
1.547958e-08
1.095585e-08
1.205104e-08
1.448587e-08
1.220593e-08
1.664552e-08
1.439801e-08
1.548681e-08
1.554478e-08
1.611776e-08
1.135999e-08
1.337450e-08
1.258554e-08
1.485000e-08
1.268804e-08
7.641192e-09
1.200443e-08
1.453231e-08
1.059992e-08
1.499342e-08
1.181264e-08
1.280922e-08
1.398237e-08
1.097339e-08
1.443175e-08
1.527312e-08
1.577919e-08
1.622797e-08
