2.091178e-05
2.104708e-05
2.159287e-05
2.179489e-05
2.193131e-05
2.286288e-05
2.253092e-05
2.110168e-05
2.013207e-05
1.865775e-05
1.729132e-05
1.653176e-05
1.568936e-05
1.598862e-05
1.655721e-05
1.711948e-05
1.753517e-05
1.823049e-05
1.893679e-05
1.963196e-05
2.059157e-05
2.115257e-05
2.197947e-05
2.279096e-05
2.311022e-05
2.270566e-05
2.278631e-05
2.265258e-05
2.287078e-05
2.215169e-05
2.200671e-05
2.164804e-05
2.132487e-05
2.114453e-05
2.085965e-05
7.851091e-13
7.308083e-13
7.372146e-13
7.497459e-13
8.699293e-13
8.059751e-13
5.969237e-13
6.321810e-13
7.847651e-13
6.679268e-13
5.607323e-13
6.774798e-13
6.401268e-13
7.325362e-13
7.089337e-13
7.103245e-13
6.462064e-13
5.972637e-13
7.333753e-13
8.732682e-13
6.507546e-13
8.403787e-13
7.034825e-13
7.513522e-13
8.468570e-13
8.081538e-13
7.532737e-13
9.296696e-13
5.956042e-13
7.015552e-13
7.342126e-13
7.123090e-13
9.028888e-13
7.405684e-13
7.881903e-13
2.088114e-05
2.131166e-05
2.157944e-05
2.185702e-05
2.226019e-05
2.202564e-05
2.156272e-05
2.045908e-05
1.938305e-05
1.780413e-05
1.667152e-05
1.598302e-05
1.578863e-05
1.636759e-05
1.656781e-05
1.725146e-05
1.798700e-05
1.851720e-05
1.926000e-05
1.997179e-05
2.081078e-05
2.159772e-05
2.216759e-05
2.249636e-05
2.287228e-05
2.298283e-05
2.259943e-05
2.243522e-05
2.225913e-05
2.189163e-05
2.170815e-05
2.134211e-05
2.121567e-05
2.084722e-05
2.055403e-05
6.957560e-13
6.526451e-13
4.970984e-13
6.359226e-13
5.260248e-13
5.924264e-13
5.108129e-13
6.264835e-13
5.253914e-13
5.177654e-13
7.579299e-13
4.391198e-13
5.009423e-13
4.059166e-13
5.205883e-13
5.620514e-13
4.575819e-13
4.137448e-13
5.779559e-13
5.957327e-13
4.170255e-13
5.997902e-13
6.241743e-13
6.847146e-13
8.261135e-13
5.968144e-13
5.208603e-13
7.161937e-13
5.667794e-13
5.405220e-13
5.729638e-13
5.149068e-13
5.782587e-13
5.903485e-13
3.942734e-13
1.276699e-05
1.295085e-05
1.514612e-05
1.637321e-05
2.059208e-05
2.293049e-05
2.312877e-05
2.765510e-05
2.331115e-05
2.351667e-05
2.484723e-05
2.170884e-05
2.258369e-05
1.157650e-05
1.398802e-05
2.050431e-05
1.052338e-05
1.247951e-05
1.902115e-05
2.021990e-05
1.071968e-05
1.747367e-05
1.682005e-05
2.701848e-05
1.184538e-05
2.244551e-05
2.512281e-05
2.115630e-05
2.304624e-05
1.921652e-05
2.658541e-05
2.167781e-05
1.798694e-05
2.451972e-05
2.511582e-05
2.344553e-05
2.560342e-05
2.219528e-05
2.144612e-05
2.373118e-05
1.732500e-05
1.754871e-05
2.214093e-05
1.720556e-05
2.337754e-05
2.449187e-05
1.939040e-05
2.391448e-05
2.301062e-05
1.761334e-05
1.950828e-05
2.326843e-05
1.869095e-05
1.764136e-05
1.783649e-05
2.312178e-05
2.228472e-05
2.248925e-05
2.273458e-05
2.277643e-05
2.249697e-05
2.324972e-05
1.677143e-05
1.121411e-05
1.042774e-05
1.555663e-05
1.192255e-05
1.134513e-05
1.178484e-05
1.237759e-05
1.756935e-05
1.433106e-05
1.108940e-05
1.406051e-05
1.527590e-05
1.659770e-05
2.097755e-05
2.512564e-05
1.780900e-05
1.357734e-05
2.556027e-05
1.341102e-05
2.098797e-05
1.788624e-05
1.284554e-05
1.357414e-05
1.711774e-05
1.889457e-05
1.083645e-05
2.736208e-05
2.130666e-05
1.036959e-05
1.520502e-05
1.162476e-05
2.051219e-05
2.130878e-05
1.434773e-05
2.194083e-05
1.576880e-05
1.799071e-05
2.206551e-05
2.590734e-05
2.328694e-05
2.266557e-05
1.970603e-05
2.980133e-05
2.994844e-05
1.734066e-05
1.892627e-05
1.755758e-05
1.617655e-05
1.935011e-05
2.726709e-05
2.226859e-05
1.877115e-05
2.231412e-05
2.149003e-05
2.284097e-05
2.104514e-05
1.494780e-05
2.161039e-05
2.248668e-05
2.042853e-05
2.278206e-05
2.643682e-05
1.770024e-05
1.955996e-05
2.306597e-05
1.821821e-05
2.164572e-05
2.622612e-05
2.661486e-05
2.251779e-05
2.204238e-05
1.995600e-05
2.470980e-05
2.305339e-05
2.291222e-05
2.559998e-05
2.501818e-05
1.742357e-05
2.126212e-05
2.409418e-05
2.267290e-05
2.678077e-05
2.034236e-05
2.425488e-05
1.936684e-05
1.917627e-05
2.644268e-05
2.176432e-05
1.882273e-05
2.322216e-05
2.440893e-05
2.386434e-05
2.170460e-05
2.199155e-05
2.192612e-05
1.952806e-05
2.487946e-05
2.059204e-05
2.288164e-05
2.411621e-05
2.449760e-05
2.224020e-05
1.837375e-05
2.333687e-05
1.838745e-05
2.196472e-05
1.951560e-05
2.330684e-05
1.682536e-05
1.807905e-05
2.310657e-05
1.825626e-05
2.195049e-05
2.388904e-05
2.466263e-05
2.462653e-05
2.255191e-05
2.289115e-05
2.278838e-05
1.701038e-05
2.436801e-05
2.376582e-05
1.675272e-05
1.926529e-05
2.324339e-05
2.346507e-05
1.785330e-05
1.861001e-05
2.275331e-05
2.281457e-05
2.522044e-05
1.688654e-05
2.309799e-05
2.322048e-05
2.613241e-05
2.475526e-05
1.940754e-05
2.572301e-05
2.388196e-05
1.825695e-05
1.643291e-05
2.391532e-05
2.330177e-05
1.761488e-05
2.541677e-05
2.153894e-05
2.608069e-05
2.260216e-05
2.349330e-05
2.514177e-05
2.321477e-05
1.717113e-05
2.310816e-05
2.161577e-05
1.777147e-05
2.280260e-05
2.323214e-05
1.775659e-05
1.929002e-05
2.140491e-05
2.430394e-05
2.387096e-05
2.159829e-05
2.387731e-05
2.402318e-05
2.107537e-05
1.729671e-05
1.876029e-05
2.360179e-05
2.301138e-05
2.368046e-05
1.809074e-05
2.293319e-05
1.668012e-05
1.301230e-05
1.202979e-05
1.226430e-05
1.104956e-05
1.110882e-05
1.077349e-05
1.067196e-05
1.067031e-05
1.070917e-05
1.347732e-05
1.406903e-05
1.260493e-05
1.296687e-05
1.671102e-05
1.154148e-05
1.318900e-05
1.170472e-05
1.130455e-05
1.332680e-05
1.050232e-05
1.077391e-05
1.824462e-05
2.090929e-05
1.477203e-05
1.538836e-05
1.163704e-05
1.639352e-05
1.574435e-05
1.124218e-05
1.612743e-05
1.074385e-05
1.400810e-05
1.135977e-05
2.769211e-05
1.123217e-05
2.180191e-05
1.215301e-05
1.028591e-05
1.522413e-05
1.104054e-05
1.196876e-05
1.091950e-05
1.084619e-05
1.847061e-05
1.932641e-05
1.215120e-05
1.307483e-05
1.299227e-05
1.430389e-05
1.390770e-05
1.304995e-05
1.328005e-05
1.200525e-05
1.793927e-05
1.758558e-05
1.733345e-05
1.081343e-05
1.484961e-05
1.414101e-05
1.269105e-05
1.393152e-05
1.673580e-05
1.590804e-05
2.913643e-05
1.551575e-05
1.157687e-05
1.251850e-05
1.920663e-05
1.109097e-05
2.965939e-05
1.537573e-05
2.626418e-05
1.601820e-05
2.478440e-05
1.390356e-05
1.786464e-05
1.045619e-05
1.037788e-05
1.393735e-05
1.850623e-05
1.176972e-05
1.355208e-05
2.456829e-05
1.395077e-05
1.151957e-05
1.611769e-05
2.863919e-05
1.280734e-05
1.883418e-05
2.192145e-05
1.767318e-05
1.615869e-05
1.741977e-05
1.622375e-05
1.733109e-05
2.196013e-05
1.421371e-05
1.061544e-05
1.903478e-05
2.171247e-05
2.212257e-05
1.588420e-05
1.947793e-05
1.344001e-05
2.943149e-05
1.139242e-05
2.304791e-05
1.982620e-05
1.597461e-05
2.663462e-05
1.885694e-05
2.756894e-05
2.220195e-05
2.096815e-05
1.547278e-05
2.116035e-05
1.577643e-05
2.205903e-05
2.001612e-05
1.082527e-05
1.821387e-05
2.073745e-05
1.868191e-05
2.001287e-05
1.204711e-05
2.005544e-05
1.084279e-05
1.528823e-05
1.854246e-05
2.619061e-05
1.890369e-05
1.697780e-05
1.867489e-05
2.312538e-05
2.476958e-05
2.595881e-05
1.064945e-05
1.249313e-05
1.294798e-05
1.109680e-05
1.487460e-05
1.353940e-05
2.192680e-05
2.986483e-05
2.068849e-05
1.124886e-05
2.525212e-05
2.423863e-05
1.719632e-05
1.783247e-05
1.971561e-05
2.617246e-05
1.806984e-05
2.809392e-05
2.096757e-05
2.040586e-05
1.721675e-05
2.138330e-05
1.237528e-05
2.465092e-05
2.332110e-05
2.881118e-05
1.658950e-05
1.397444e-05
1.970880e-05
1.494862e-05
2.049269e-05
1.447153e-05
2.322781e-05
1.802858e-05
2.199842e-05
2.131598e-05
2.962212e-05
1.806016e-05
2.637379e-05
2.221641e-05
1.816334e-05
2.635561e-05
1.792005e-05
2.392310e-05
1.135247e-05
1.670969e-05
2.038576e-05
1.769937e-05
2.268532e-05
2.236444e-05
1.634866e-05
1.259528e-05
1.167852e-05
1.877035e-05
2.892174e-05
1.443326e-05
1.906826e-05
1.858452e-05
1.979500e-05
2.212045e-05
2.328178e-05
2.281055e-05
1.862279e-05
1.041055e-05
2.203076e-05
1.613196e-05
1.747732e-05
1.963646e-05
2.166207e-05
2.087077e-05
1.405760e-05
2.108488e-05
1.135118e-05
2.530940e-05
1.146205e-05
2.079196e-05
1.499203e-05
2.858739e-05
1.961656e-05
2.999338e-05
2.303507e-05
1.583321e-05
2.147633e-05
2.681855e-05
2.592221e-05
2.004333e-05
2.152370e-05
1.706267e-05
2.275434e-05
1.687704e-05
2.141845e-05
2.227049e-05
1.914474e-05
2.231716e-05
2.195401e-05
1.830873e-05
2.078562e-05
1.773807e-05
2.251729e-05
1.962854e-05
2.210914e-05
2.303719e-05
1.895731e-05
2.376807e-05
2.248628e-05
2.348336e-05
2.437923e-05
2.226470e-05
1.910440e-05
2.114203e-05
2.150843e-05
1.790330e-05
1.609593e-05
2.151688e-05
2.060949e-05
2.015728e-05
2.163964e-05
2.748331e-05
2.815206e-05
1.588177e-05
2.528904e-05
2.237738e-05
2.618091e-05
1.753628e-05
2.308616e-05
2.662671e-05
1.802674e-05
2.113035e-05
2.468357e-05
1.756878e-05
2.893058e-05
2.226607e-05
1.827010e-05
2.681753e-05
2.139863e-05
2.837926e-05
2.707430e-05
2.134978e-05
2.233253e-05
2.252614e-05
2.508085e-05
2.178200e-05
2.184683e-05
2.542294e-05
1.730813e-05
2.152903e-05
2.579326e-05
2.511171e-05
1.817151e-05
1.884852e-05
2.373719e-05
2.208870e-05
2.268386e-05
2.377205e-05
2.175593e-05
2.547774e-05
2.306595e-05
2.173672e-05
2.755191e-05
2.184542e-05
2.202499e-05
2.508807e-05
2.217840e-05
2.443330e-05
1.960280e-05
2.187390e-05
2.040875e-05
2.120519e-05
2.043771e-05
2.232551e-05
1.798216e-05
2.084251e-05
2.127512e-05
2.262051e-05
2.316858e-05
1.829924e-05
2.159419e-05
2.250482e-05
2.005464e-05
2.408173e-05
2.078512e-05
2.237410e-05
2.177572e-05
2.711777e-05
2.457795e-05
2.236280e-05
1.983781e-05
2.454385e-05
2.270543e-05
2.286240e-05
2.617803e-05
1.917270e-05
2.403889e-05
1.974133e-05
1.947878e-05
2.678345e-05
1.947689e-05
2.485060e-05
2.474458e-05
1.797195e-05
2.466496e-05
2.171445e-05
2.169511e-05
2.169409e-05
2.125015e-05
1.879361e-05
2.243718e-05
2.174784e-05
2.078395e-05
2.219483e-05
2.214910e-05
2.646859e-05
1.991370e-05
2.242542e-05
1.973648e-05
2.419827e-05
2.333179e-05
2.122962e-05
2.048343e-05
2.030444e-05
2.236598e-05
2.426331e-05
1.815875e-05
2.540530e-05
2.258630e-05
1.802056e-05
1.830765e-05
2.179022e-05
1.867265e-05
1.873524e-05
2.249664e-05
2.263764e-05
1.750574e-05
1.898743e-05
1.705468e-05
2.271788e-05
1.885121e-05
1.941602e-05
2.454178e-05
2.297362e-05
2.368909e-05
2.110085e-05
2.292219e-05
2.015886e-05
1.728106e-05
2.238531e-05
2.429465e-05
2.285669e-05
1.812913e-05
2.463117e-05
2.055931e-05
2.510480e-05
1.943839e-05
2.368754e-05
2.592963e-05
1.912438e-05
2.281037e-05
1.799016e-05
2.501029e-05
2.101920e-05
2.526607e-05
2.183386e-05
2.137529e-05
2.041166e-05
2.182917e-05
2.252002e-05
2.040998e-05
2.194547e-05
2.333160e-05
2.232204e-05
2.430999e-05
2.299130e-05
2.163637e-05
1.711727e-05
2.346742e-05
2.210915e-05
2.321949e-05
2.627569e-05
2.176244e-05
2.232014e-05
1.759964e-05
2.352109e-05
1.837558e-05
2.548682e-05
2.290623e-05
2.344130e-05
2.419464e-05
2.133724e-05
2.250181e-05
2.328783e-05
2.193381e-05
2.299843e-05
1.918824e-05
2.428770e-05
2.129488e-05
2.545514e-05
1.769742e-05
2.455221e-05
2.199301e-05
2.208173e-05
1.698405e-05
2.138962e-05
2.023013e-05
2.109832e-05
1.950610e-05
1.068379e-05
1.099496e-05
1.173527e-05
1.155644e-05
1.223532e-05
1.331088e-05
1.220116e-05
1.036859e-05
1.246133e-05
1.197311e-05
1.097851e-05
1.280257e-05
1.195326e-05
1.197087e-05
1.128000e-05
1.097388e-05
1.238189e-05
1.114959e-05
1.284991e-05
1.172918e-05
1.138022e-05
1.441070e-05
1.137467e-05
1.152361e-05
1.481388e-05
1.065021e-05
1.118365e-05
1.208854e-05
1.185603e-05
1.353346e-05
1.144143e-05
1.680481e-05
1.071470e-05
1.198293e-05
1.298916e-05
1.051309e-05
1.282506e-05
1.263746e-05
1.188166e-05
1.337806e-05
1.429561e-05
1.103628e-05
1.279698e-05
1.797397e-05
1.169710e-05
1.415335e-05
1.841401e-05
1.137406e-05
1.166895e-05
1.092469e-05
1.168664e-05
1.849456e-05
2.817585e-05
1.227366e-05
1.552162e-05
1.107109e-05
1.075678e-05
1.007841e-05
1.341811e-05
1.395396e-05
1.263960e-05
1.236969e-05
1.233270e-05
1.325991e-05
1.579008e-05
1.866945e-05
1.518752e-05
1.503646e-05
1.155973e-05
1.053579e-05
1.137178e-05
1.883001e-05
1.049360e-05
1.191463e-05
1.789350e-05
1.653785e-05
1.320377e-05
2.938365e-05
1.087304e-05
1.329107e-05
1.336555e-05
1.681232e-05
1.068934e-05
1.092951e-05
1.212609e-05
1.067336e-05
2.181269e-05
1.425801e-05
1.422975e-05
1.355302e-05
1.069990e-05
1.577948e-05
1.078701e-05
1.205085e-05
1.120997e-05
1.750888e-05
1.143215e-05
1.251853e-05
1.618773e-05
1.389625e-05
1.287437e-05
1.900496e-05
1.153886e-05
1.398948e-05
1.172670e-05
1.235977e-05
1.145294e-05
1.451280e-05
1.856400e-05
1.084491e-05
1.238005e-05
1.499782e-05
1.149307e-05
1.218584e-05
1.469347e-05
1.704406e-05
1.455758e-05
1.099363e-05
1.351723e-05
1.020464e-05
1.042945e-05
1.274620e-05
1.703649e-05
1.990831e-05
1.081256e-05
1.075486e-05
1.271687e-05
1.104297e-05
1.112318e-05
1.202353e-05
1.759185e-05
1.440227e-05
1.632049e-05
1.390538e-05
1.379975e-05
1.696971e-05
1.969084e-05
2.130500e-05
1.545706e-05
1.395605e-05
1.056670e-05
1.204627e-05
1.741941e-05
1.809489e-05
1.400962e-05
1.074519e-05
2.114129e-05
2.775968e-05
1.066278e-05
2.058886e-05
1.511554e-05
1.143228e-05
2.091041e-05
2.559412e-05
1.289956e-05
1.479353e-05
1.336267e-05
1.547722e-05
1.224152e-05
1.142791e-05
1.093571e-05
1.403602e-05
1.944002e-05
1.541204e-05
2.110501e-05
1.325413e-05
1.936300e-05
1.970432e-05
1.213856e-05
1.230667e-05
1.085528e-05
1.491568e-05
1.355818e-05
1.110367e-05
1.675011e-05
1.195054e-05
1.121967e-05
1.774628e-05
1.545307e-05
1.702031e-05
1.400204e-05
1.078788e-05
1.104871e-05
2.284432e-05
1.734919e-05
2.094659e-05
1.201921e-05
1.681387e-05
1.307540e-05
1.361936e-05
1.304605e-05
1.358581e-05
1.173045e-05
1.178193e-05
1.642056e-05
1.518031e-05
1.504502e-05
1.238205e-05
1.386316e-05
2.786960e-05
1.489008e-05
2.891273e-05
2.624635e-05
1.073139e-05
1.081833e-05
1.148008e-05
1.180645e-05
1.488800e-05
1.537350e-05
1.717636e-05
1.200015e-05
1.441499e-05
2.199407e-05
1.068732e-05
1.629445e-05
2.653616e-05
1.762048e-05
1.956507e-05
1.095846e-05
2.549063e-05
1.151749e-05
1.144380e-05
1.795461e-05
1.204320e-05
2.159328e-05
1.309923e-05
1.085636e-05
1.049072e-05
1.652368e-05
1.805591e-05
1.562539e-05
1.676863e-05
1.658367e-05
1.698991e-05
1.477073e-05
1.338382e-05
1.660363e-05
1.678217e-05
1.654745e-05
1.286584e-05
2.567877e-05
1.558514e-05
2.007198e-05
1.681674e-05
1.264879e-05
1.109066e-05
2.132169e-05
1.651830e-05
1.148283e-05
2.599082e-05
1.068270e-05
1.636098e-05
1.028594e-05
1.558634e-05
1.114089e-05
2.897497e-05
2.640074e-05
2.110419e-05
1.135798e-05
1.408951e-05
1.160005e-05
1.365316e-05
1.607109e-05
1.987242e-05
1.322518e-05
1.150037e-05
1.053201e-05
1.321887e-05
2.126911e-05
1.087582e-05
1.574797e-05
1.145292e-05
2.431405e-05
1.361534e-05
1.240753e-05
1.535022e-05
1.696705e-05
1.047135e-05
1.959842e-05
1.255871e-05
1.879027e-05
1.675447e-05
2.553942e-05
1.571997e-05
1.141063e-05
1.714443e-05
2.257787e-05
1.737063e-05
1.416373e-05
1.045289e-05
2.115558e-05
1.868434e-05
1.855778e-05
1.258934e-05
2.153628e-05
1.180355e-05
1.171087e-05
1.707737e-05
2.044773e-05
1.038314e-05
1.112054e-05
1.074734e-05
2.792287e-05
1.873498e-05
1.272569e-05
1.674952e-05
2.147221e-05
1.145916e-05
2.245854e-05
1.979373e-05
1.708820e-05
3.048393e-05
1.086729e-05
1.605524e-05
1.167418e-05
1.662958e-05
1.955478e-05
1.724865e-05
1.049420e-05
1.233815e-05
2.251414e-05
1.364225e-05
1.451776e-05
1.568685e-05
1.018786e-05
1.385866e-05
1.200189e-05
2.174396e-05
1.437521e-05
1.556635e-05
1.392748e-05
1.516019e-05
2.900187e-05
2.039999e-05
1.257660e-05
1.229501e-05
1.789142e-05
2.716371e-05
1.767183e-05
1.628781e-05
1.132297e-05
1.472403e-05
1.152432e-05
1.935907e-05
2.010539e-05
1.871310e-05
2.971665e-05
1.132662e-05
2.191915e-05
1.111534e-05
1.742317e-05
1.246215e-05
1.798843e-05
2.813370e-05
2.276403e-05
2.043150e-05
1.521969e-05
1.855817e-05
1.860218e-05
2.720231e-05
1.765046e-05
1.175724e-05
1.454219e-05
1.903122e-05
1.337019e-05
1.309836e-05
1.843569e-05
1.186040e-05
1.434059e-05
1.089986e-05
2.011394e-05
1.259819e-05
1.856831e-05
2.812538e-05
2.411634e-05
1.116277e-05
2.273167e-05
1.314742e-05
2.190560e-05
1.824989e-05
1.752946e-05
1.098005e-05
1.215410e-05
1.095434e-05
1.906812e-05
1.734744e-05
1.741671e-05
1.456841e-05
2.697460e-05
2.637106e-05
1.565585e-05
1.432946e-05
1.151979e-05
1.177388e-05
1.306610e-05
1.987588e-05
1.918457e-05
1.187523e-05
1.471651e-05
1.671514e-05
1.874802e-05
2.190411e-05
1.585191e-05
1.553111e-05
1.992701e-05
1.924285e-05
1.596894e-05
1.181779e-05
1.341779e-05
2.054862e-05
1.904248e-05
1.579421e-05
1.961268e-05
1.745247e-05
1.813920e-05
2.516380e-05
1.737546e-05
1.124050e-05
2.191201e-05
1.701670e-05
2.881627e-05
1.416270e-05
1.642275e-05
1.101322e-05
1.734223e-05
1.093001e-05
1.407944e-05
1.694182e-05
2.681221e-05
2.174866e-05
1.387483e-05
2.045427e-05
1.107888e-05
1.773274e-05
2.878105e-05
2.095116e-05
2.217318e-05
1.492714e-05
1.773986e-05
1.643292e-05
1.729985e-05
1.271771e-05
2.719522e-05
3.055963e-05
1.141065e-05
1.345653e-05
1.823811e-05
1.527609e-05
1.920304e-05
1.832737e-05
1.063279e-05
1.029429e-05
1.117701e-05
2.203733e-05
1.980190e-05
1.709048e-05
2.441376e-05
1.308561e-05
2.199408e-05
1.356578e-05
2.097674e-05
2.174754e-05
2.437555e-05
1.676228e-05
1.608661e-05
2.875659e-05
1.778294e-05
2.452878e-05
1.229034e-05
2.111932e-05
1.508255e-05
1.477807e-05
2.227484e-05
1.945012e-05
1.149765e-05
1.829593e-05
1.994627e-05
1.839214e-05
1.634737e-05
1.166853e-05
2.040003e-05
2.248627e-05
2.175991e-05
2.931667e-05
2.068086e-05
1.444192e-05
2.564171e-05
1.852783e-05
2.175868e-05
1.810452e-05
1.780872e-05
1.913597e-05
2.477975e-05
1.407047e-05
2.799461e-05
1.903544e-05
2.341951e-05
2.689574e-05
1.900117e-05
1.636099e-05
2.050171e-05
2.695930e-05
2.403303e-05
1.590519e-05
2.372833e-05
1.487371e-05
1.976946e-05
2.208551e-05
1.408303e-05
2.203320e-05
1.290131e-05
1.610140e-05
1.645841e-05
2.185907e-05
1.278710e-05
2.284649e-05
1.568692e-05
1.774140e-05
1.950234e-05
1.242343e-05
2.453331e-05
2.652126e-05
1.342451e-05
1.578945e-05
2.318134e-05
1.074403e-05
1.254782e-05
1.817366e-05
1.470276e-05
1.354695e-05
1.108035e-05
1.630973e-05
1.111289e-05
1.271479e-05
2.773539e-05
1.075514e-05
2.337578e-05
1.138084e-05
1.104291e-05
2.208826e-05
2.232654e-05
1.975650e-05
1.946622e-05
1.765290e-05
1.922058e-05
2.089572e-05
1.648736e-05
2.108627e-05
1.746371e-05
2.384722e-05
1.753537e-05
2.765218e-05
1.807080e-05
1.130425e-05
1.486392e-05
1.999182e-05
2.439447e-05
1.341106e-05
2.050194e-05
2.016847e-05
1.350222e-05
1.026443e-05
1.366223e-05
2.787008e-05
2.045768e-05
1.340729e-05
1.568463e-05
1.463300e-05
1.451332e-05
2.500052e-05
2.400616e-05
1.976166e-05
1.670081e-05
1.763861e-05
1.929202e-05
2.584926e-05
1.830787e-05
1.784622e-05
1.990694e-05
1.771794e-05
2.327950e-05
2.382320e-05
1.612343e-05
1.645263e-05
1.927021e-05
2.489052e-05
2.350275e-05
2.266335e-05
2.989534e-05
1.479789e-05
2.195569e-05
1.025656e-05
2.303117e-05
1.291341e-05
2.296394e-05
1.667108e-05
2.140588e-05
1.552253e-05
1.642698e-05
2.045556e-05
2.083605e-05
1.720038e-05
1.900466e-05
2.871082e-05
1.484093e-05
1.574664e-05
1.197828e-05
1.782910e-05
1.760304e-05
1.805516e-05
1.521563e-05
2.685527e-05
1.223001e-05
2.157950e-05
1.967661e-05
1.794123e-05
2.350806e-05
1.978833e-05
1.579685e-05
2.222609e-05
1.281581e-05
1.803903e-05
2.206103e-05
1.078548e-05
2.017890e-05
1.201166e-05
1.581697e-05
1.286576e-05
1.114497e-05
1.399273e-05
1.116015e-05
1.629508e-05
1.798134e-05
2.059214e-05
2.155855e-05
1.959100e-05
1.512859e-05
1.563458e-05
2.278467e-05
2.001275e-05
1.328577e-05
1.842459e-05
1.305798e-05
2.005457e-05
1.565724e-05
1.838598e-05
1.539457e-05
1.396717e-05
2.304541e-05
1.419928e-05
2.746417e-05
1.909058e-05
2.568574e-05
2.902904e-05
1.824296e-05
1.506613e-05
2.260795e-05
2.078781e-05
2.701372e-05
1.979706e-05
2.229108e-05
2.048402e-05
1.910360e-05
1.922158e-05
1.546026e-05
1.981457e-05
1.925020e-05
2.936163e-05
1.255715e-05
1.939176e-05
1.292473e-05
1.460534e-05
1.851496e-05
2.540286e-05
1.466800e-05
2.038870e-05
2.606482e-05
1.685112e-05
1.468017e-05
1.894003e-05
1.518087e-05
2.732125e-05
1.019506e-05
2.078798e-05
1.071495e-05
2.643358e-05
1.733511e-05
2.069378e-05
2.328472e-05
1.968032e-05
1.984038e-05
1.209424e-05
1.332515e-05
2.191840e-05
1.394622e-05
2.246625e-05
1.991649e-05
2.831390e-05
1.771307e-05
2.975932e-05
2.108968e-05
1.915958e-05
2.039710e-05
1.651895e-05
2.241900e-05
2.218889e-05
1.000029e-05
1.910171e-05
2.297361e-05
2.084712e-05
1.224668e-05
2.200621e-05
1.805098e-05
1.962832e-05
2.449940e-05
2.247201e-05
2.116959e-05
2.102499e-05
1.531103e-05
2.147087e-05
1.483510e-05
2.398208e-05
1.730020e-05
3.044187e-05
1.954979e-05
1.229477e-05
1.240083e-05
1.877979e-05
2.322661e-05
1.829827e-05
2.227036e-05
2.920190e-05
2.057875e-05
2.075249e-05
1.860666e-05
2.332215e-05
1.879016e-05
1.147668e-05
2.440436e-05
2.560541e-05
1.422586e-05
2.818301e-05
2.037188e-05
2.299671e-05
1.507840e-05
2.351037e-05
2.891752e-05
1.139244e-05
2.375084e-05
2.146746e-05
2.552402e-05
1.826179e-05
1.754719e-05
1.779612e-05
2.999778e-05
2.315282e-05
1.378748e-05
3.005404e-05
1.727996e-05
1.441958e-05
2.360373e-05
3.015656e-05
2.355942e-05
2.017752e-05
1.405967e-05
2.513229e-05
2.194941e-05
2.226214e-05
2.300614e-05
2.780338e-05
1.725784e-05
2.027664e-05
2.043445e-05
1.440700e-05
2.942961e-05
2.140338e-05
2.337942e-05
2.763578e-05
1.850075e-05
2.283218e-05
2.130840e-05
2.415474e-05
2.202144e-05
2.374293e-05
2.499689e-05
2.841249e-05
1.966595e-05
2.108900e-05
1.544105e-05
1.736990e-05
2.493951e-05
2.158781e-05
2.247613e-05
2.756358e-05
1.571782e-05
2.286953e-05
1.842879e-05
1.892118e-05
2.205704e-05
1.386918e-05
1.819717e-05
2.004236e-05
2.008215e-05
2.334319e-05
2.190320e-05
1.237961e-05
2.096007e-05
1.971655e-05
2.074709e-05
2.677764e-05
1.988201e-05
1.764531e-05
1.980503e-05
1.454870e-05
1.001263e-05
1.387782e-05
1.871277e-05
1.176880e-05
2.539084e-05
2.165273e-05
2.025864e-05
1.943937e-05
2.862145e-05
2.051012e-05
1.874578e-05
1.549257e-05
2.371196e-05
2.901173e-05
1.446479e-05
2.890401e-05
2.380761e-05
1.925858e-05
2.290675e-05
2.051253e-05
1.790283e-05
2.884643e-05
2.255588e-05
1.785972e-05
1.890710e-05
2.183139e-05
2.230335e-05
2.377764e-05
2.164348e-05
1.196728e-05
1.162329e-05
1.218651e-05
1.287175e-05
2.132755e-05
1.045148e-05
1.934172e-05
2.190628e-05
1.066822e-05
2.057008e-05
1.272567e-05
1.056775e-05
1.237712e-05
1.185301e-05
1.272866e-05
1.020625e-05
2.376067e-05
1.049615e-05
1.150381e-05
1.190858e-05
1.247243e-05
1.246507e-05
1.940926e-05
1.117039e-05
1.103983e-05
2.225066e-05
1.945387e-05
1.295957e-05
1.187043e-05
1.480199e-05
1.214828e-05
2.270905e-05
1.092367e-05
1.188573e-05
1.107935e-05
1.240777e-05
1.100144e-05
1.110841e-05
2.284696e-05
1.228741e-05
1.978565e-05
1.127573e-05
1.158781e-05
1.084034e-05
1.261148e-05
1.986194e-05
1.074485e-05
2.199960e-05
1.294088e-05
1.965454e-05
2.267021e-05
1.046316e-05
1.097260e-05
1.069265e-05
1.074966e-05
1.141475e-05
2.022210e-05
2.131451e-05
1.848901e-05
2.314371e-05
2.317630e-05
1.202875e-05
2.320041e-05
2.319634e-05
2.385707e-05
1.190145e-05
1.170658e-05
1.130893e-05
2.040824e-05
2.226641e-05
2.944667e-05
2.056620e-05
2.160577e-05
2.406710e-05
2.188103e-05
2.762792e-05
1.852463e-05
2.415890e-05
2.092885e-05
1.325650e-05
1.351800e-05
1.127460e-05
1.186206e-05
2.286408e-05
1.187638e-05
2.119787e-05
1.875086e-05
2.569810e-05
2.289666e-05
1.087320e-05
1.182063e-05
1.185481e-05
1.877409e-05
2.057155e-05
1.325370e-05
1.558685e-05
1.119630e-05
1.093417e-05
1.899888e-05
2.259065e-05
1.747433e-05
1.615783e-05
2.814630e-05
2.576573e-05
1.240721e-05
1.260786e-05
1.359163e-05
1.081441e-05
1.750606e-05
1.103467e-05
1.149587e-05
2.077357e-05
1.183313e-05
1.339689e-05
2.349408e-05
1.089855e-05
1.280990e-05
2.097887e-05
1.863834e-05
2.560303e-05
2.106053e-05
2.860017e-05
1.165601e-05
1.240932e-05
1.061514e-05
2.018021e-05
1.200762e-05
2.611679e-05
1.811613e-05
1.768270e-05
1.101304e-05
1.273708e-05
1.535114e-05
1.169330e-05
1.481859e-05
2.203190e-05
2.811901e-05
2.146641e-05
1.118337e-05
1.837212e-05
1.819425e-05
1.100600e-05
1.801788e-05
1.229795e-05
1.357034e-05
1.754788e-05
1.102847e-05
1.574242e-05
1.771552e-05
2.028996e-05
2.071278e-05
2.188901e-05
1.095112e-05
2.400857e-05
2.146752e-05
1.687900e-05
2.772073e-05
1.884667e-05
1.102683e-05
2.076218e-05
2.926955e-05
1.161037e-05
1.722728e-05
2.438788e-05
2.224565e-05
1.766900e-05
2.922261e-05
2.019032e-05
1.338491e-05
2.515642e-05
1.494186e-05
2.510608e-05
2.068873e-05
2.011056e-05
1.802315e-05
2.590021e-05
2.232927e-05
1.173412e-05
2.008824e-05
2.349258e-05
2.736876e-05
1.187965e-05
1.539193e-05
1.112797e-05
1.356387e-05
2.829426e-05
1.786560e-05
1.908559e-05
2.153631e-05
1.353507e-05
1.638572e-05
1.738093e-05
2.990816e-05
2.345854e-05
1.288170e-05
1.719810e-05
2.066149e-05
2.166850e-05
1.159692e-05
1.860047e-05
2.244090e-05
2.193259e-05
2.149379e-05
1.389302e-05
2.151635e-05
2.432122e-05
1.032569e-05
1.187793e-05
1.743019e-05
2.173152e-05
2.135692e-05
1.994159e-05
1.880128e-05
2.461195e-05
2.600757e-05
1.317544e-05
2.112519e-05
1.204141e-05
2.217410e-05
1.774986e-05
1.073523e-05
2.087916e-05
1.881799e-05
2.830412e-05
2.509745e-05
1.397631e-05
2.032098e-05
2.740718e-05
2.167698e-05
2.285257e-05
1.517906e-05
1.982208e-05
1.166103e-05
1.234891e-05
1.781806e-05
1.110935e-05
1.801325e-05
1.251524e-05
2.174876e-05
1.708250e-05
1.272172e-05
1.113086e-05
1.860061e-05
1.710918e-05
2.285272e-05
1.183833e-05
2.686068e-05
2.511199e-05
2.384895e-05
2.161544e-05
1.664084e-05
2.285038e-05
1.246925e-05
2.178904e-05
1.732938e-05
1.618681e-05
2.245451e-05
1.706683e-05
2.166507e-05
2.674521e-05
1.712832e-05
1.679032e-05
1.901994e-05
1.273377e-05
2.076270e-05
2.477239e-05
2.244772e-05
2.827914e-05
2.219829e-05
2.305708e-05
2.146670e-05
2.967974e-05
2.178249e-05
2.142738e-05
2.220523e-05
2.418446e-05
1.700348e-05
1.224194e-05
2.358870e-05
2.197359e-05
2.430970e-05
2.681590e-05
2.320737e-05
2.688534e-05
1.179590e-05
2.242882e-05
2.259731e-05
1.248942e-05
1.179991e-05
1.838600e-05
1.841585e-05
2.420668e-05
2.648788e-05
2.258332e-05
2.213781e-05
2.270623e-05
2.406973e-05
1.860470e-05
2.144212e-05
2.493213e-05
2.257811e-05
2.257155e-05
2.961785e-05
2.231880e-05
2.171438e-05
1.986702e-05
2.883498e-05
1.252349e-05
2.277849e-05
2.367696e-05
2.999510e-05
2.251089e-05
8.529109e-13
4.753518e-13
4.788166e-13
7.711640e-13
5.788866e-13
8.130693e-13
3.901945e-13
6.595735e-13
1.013991e-12
9.234723e-13
8.372002e-13
7.982747e-13
9.635331e-13
7.564296e-13
5.163951e-13
8.180582e-13
5.493358e-13
9.926419e-13
6.511581e-13
4.910070e-13
6.528540e-13
1.000936e-12
4.788291e-13
7.738463e-13
6.960451e-13
7.391400e-13
4.897637e-13
8.112816e-13
1.673429e-12
9.257710e-13
6.652938e-13
8.438798e-13
7.360384e-13
6.818510e-13
5.236196e-13
8.234758e-13
9.760456e-13
8.100933e-13
1.141052e-12
7.477490e-13
7.569707e-13
8.136428e-13
7.436135e-13
5.300344e-13
7.056158e-13
7.174708e-13
5.287928e-13
7.306563e-13
8.576358e-13
5.586155e-13
5.881528e-13
7.551251e-13
5.981279e-13
7.312807e-13
6.855668e-13
1.011190e-12
4.299190e-13
4.626746e-13
5.729273e-13
1.167285e-12
9.022238e-13
9.613843e-13
1.165955e-12
1.108465e-12
1.149489e-12
7.020193e-13
7.974773e-13
7.374957e-13
5.052775e-13
8.393105e-13
6.226218e-13
9.169677e-13
1.117751e-12
5.928235e-13
6.955895e-13
5.792271e-13
4.717632e-13
6.989661e-13
6.058566e-13
6.627710e-13
6.058955e-13
6.020485e-13
3.443865e-13
8.921205e-13
7.379800e-13
5.996390e-13
5.484602e-13
4.583226e-13
5.681031e-13
8.927449e-13
6.213065e-13
6.383599e-13
5.105033e-13
7.658292e-13
6.515773e-13
6.204593e-13
7.997432e-13
6.545819e-13
7.473401e-13
4.998417e-13
4.464838e-13
4.826395e-13
4.719978e-13
5.914875e-13
5.537354e-13
8.612310e-13
6.941748e-13
4.428126e-13
4.619931e-13
8.998873e-13
4.044731e-13
7.098377e-13
6.584984e-13
1.187314e-12
7.353982e-13
4.030999e-13
6.120933e-13
1.143055e-12
7.080182e-13
7.335836e-13
7.352723e-13
7.028299e-13
7.328721e-13
5.526089e-13
6.882074e-13
8.272866e-13
6.433814e-13
6.900010e-13
7.739407e-13
5.995791e-13
1.135978e-12
8.093106e-13
6.538815e-13
6.304721e-13
6.734497e-13
7.344808e-13
6.876726e-13
4.842310e-13
6.941125e-13
6.228553e-13
9.678216e-13
6.220397e-13
4.516136e-13
7.748964e-13
7.469386e-13
8.419343e-13
9.535896e-13
6.379146e-13
8.551535e-13
8.241932e-13
1.021246e-12
1.238185e-12
8.692514e-13
2.665407e-13
1.129755e-12
5.706634e-13
7.159827e-13
8.326944e-13
7.336121e-13
5.114430e-13
7.512231e-13
7.006414e-13
7.791558e-13
5.716463e-13
7.734045e-13
8.510014e-13
6.774496e-13
7.008100e-13
8.639772e-13
3.097518e-13
9.251417e-13
7.324018e-13
8.660749e-13
1.103590e-12
4.067050e-13
1.111990e-12
8.221111e-13
6.761707e-13
7.212559e-13
5.463601e-13
8.493576e-13
4.916771e-13
7.565385e-13
8.414661e-13
5.134882e-13
9.663492e-13
8.227840e-13
5.814103e-13
8.615431e-13
8.970251e-13
6.103661e-13
8.282849e-13
8.208010e-13
8.354887e-13
5.930696e-13
6.942846e-13
7.970136e-13
6.918503e-13
6.626794e-13
5.512815e-13
7.512751e-13
8.329482e-13
6.054201e-13
6.310149e-13
5.663671e-13
5.472249e-13
8.422892e-13
4.301483e-13
5.202793e-13
9.675512e-13
1.361840e-12
9.591423e-13
7.352964e-13
1.112842e-12
6.203171e-13
5.565300e-13
7.387411e-13
9.706867e-13
6.534064e-13
5.663143e-13
5.472615e-13
5.490131e-13
6.857991e-13
4.674445e-13
9.694484e-13
5.470577e-13
7.025633e-13
4.217437e-13
5.288601e-13
8.748876e-13
6.898774e-13
1.176412e-12
5.065164e-13
5.067220e-13
9.285851e-13
6.057933e-13
7.939952e-13
7.709068e-13
9.218513e-13
5.693386e-13
8.124188e-13
9.207557e-13
4.413422e-13
5.297459e-13
6.245531e-13
7.460802e-13
6.444371e-13
5.677688e-13
9.866298e-13
7.269237e-13
5.068716e-13
6.917848e-13
7.819445e-13
7.407144e-13
5.194568e-13
8.856968e-13
6.700152e-13
9.793846e-13
6.833579e-13
7.971464e-13
4.522338e-13
9.518016e-13
4.863490e-13
1.186347e-12
5.275804e-13
9.925726e-13
7.304327e-13
9.322582e-13
8.098059e-13
6.359894e-13
6.596550e-13
1.297124e-12
6.020977e-13
7.946829e-13
9.145991e-13
7.163091e-13
1.175466e-12
1.142972e-12
4.930173e-13
5.076473e-13
5.149028e-13
3.196066e-13
7.451112e-13
4.788274e-13
7.498338e-13
6.407089e-13
5.684651e-13
6.142184e-13
6.466734e-13
1.471493e-12
5.302274e-13
4.430486e-13
4.594502e-13
5.763111e-13
4.532901e-13
6.830743e-13
3.783571e-13
1.273257e-12
8.496909e-13
5.820818e-13
8.165142e-13
6.693284e-13
4.811332e-13
7.002950e-13
7.695854e-13
6.652628e-13
6.432801e-13
6.007285e-13
6.048804e-13
7.092519e-13
4.360181e-13
7.479547e-13
6.909485e-13
2.978428e-13
5.769803e-13
5.253740e-13
7.603117e-13
8.456548e-13
5.446628e-13
5.356749e-13
1.296307e-12
7.029884e-13
7.507337e-13
5.521475e-13
4.360380e-13
3.679339e-13
6.952904e-13
9.203136e-13
8.311948e-13
4.935166e-13
7.305620e-13
6.506056e-13
4.609562e-13
1.009056e-12
4.830464e-13
6.611332e-13
4.365114e-13
7.462202e-13
6.392993e-13
6.902638e-13
4.392102e-13
6.773720e-13
6.814760e-13
6.737927e-13
3.272345e-13
3.812425e-13
9.104257e-13
9.752531e-13
6.776732e-13
4.367649e-13
4.190584e-13
4.076116e-13
9.225361e-13
5.474917e-13
8.090665e-13
4.018574e-13
8.548924e-13
9.162855e-13
7.964200e-13
9.725746e-13
7.482069e-13
7.248330e-13
7.248545e-13
6.900077e-13
7.882542e-13
6.057437e-13
8.171424e-13
5.890645e-13
9.022557e-13
2.824534e-13
1.683353e-12
5.321731e-13
7.278153e-13
6.890512e-13
7.947544e-13
4.376146e-13
6.970429e-13
8.156862e-13
6.916044e-13
9.516772e-13
7.845847e-13
3.318571e-13
3.636189e-13
6.511712e-13
9.037459e-13
9.559684e-13
6.134185e-13
5.275257e-13
4.916211e-13
9.976011e-13
6.692187e-13
6.156600e-13
5.994493e-13
4.197689e-13
8.530635e-13
6.761366e-13
5.481533e-13
5.954415e-13
6.984063e-13
9.069740e-13
6.128224e-13
7.239506e-13
8.477000e-13
1.072711e-12
6.611399e-13
9.146274e-13
8.236780e-13
5.332597e-13
7.798441e-13
7.034598e-13
8.585766e-13
5.304266e-13
1.004873e-12
8.249027e-13
5.704893e-13
3.581503e-13
3.449912e-13
4.062385e-13
8.987044e-13
6.367069e-13
7.495184e-13
6.908482e-13
8.326241e-13
6.988729e-13
6.544335e-13
7.103488e-13
4.762540e-13
9.623061e-13
1.966598e-13
5.792170e-13
6.706220e-13
5.687748e-13
6.952507e-13
7.025029e-13
9.687542e-13
7.677249e-13
7.817668e-13
8.657016e-13
9.230570e-13
8.834297e-13
3.606495e-13
1.184694e-12
5.254676e-13
5.396789e-13
1.141940e-12
7.715450e-13
8.205602e-13
3.715305e-13
4.370078e-13
5.072447e-13
5.505702e-13
6.828952e-13
8.584873e-13
1.067297e-12
8.481817e-13
4.640295e-13
6.223743e-13
7.241529e-13
7.426799e-13
8.771097e-13
1.096919e-12
4.927190e-13
4.992121e-13
7.975798e-13
6.127463e-13
1.026336e-12
8.802484e-13
1.060515e-12
5.568289e-13
7.462046e-13
6.992781e-13
1.506445e-12
6.080036e-13
3.375647e-13
5.289206e-13
8.114177e-13
6.529340e-13
6.906622e-13
6.903131e-13
5.670846e-13
8.682197e-13
6.540266e-13
6.644270e-13
6.246749e-13
4.951814e-13
1.083941e-12
9.412873e-13
6.879647e-13
5.233889e-13
1.087969e-12
7.543471e-13
1.147123e-12
5.525945e-13
5.277723e-13
1.043116e-12
8.057004e-13
8.164511e-13
6.251715e-13
8.291572e-13
8.698720e-13
7.835741e-13
9.630448e-13
7.848765e-13
8.850647e-13
1.022115e-12
7.868462e-13
8.549985e-13
6.925007e-13
9.841200e-13
5.997827e-13
9.273804e-13
1.278349e-12
4.490951e-13
7.419069e-13
5.626189e-13
9.262632e-13
9.546049e-13
5.336019e-13
9.978403e-13
8.938647e-13
8.564793e-13
9.157568e-13
8.178084e-13
9.291053e-13
7.289383e-13
4.296910e-13
7.242044e-13
9.699342e-13
1.022492e-12
7.213667e-13
5.823066e-13
6.231191e-13
6.661120e-13
5.109779e-13
8.510986e-13
5.850862e-13
7.107636e-13
6.729356e-13
9.521852e-13
1.180575e-12
8.990229e-13
1.008866e-12
9.499096e-13
9.726711e-13
1.176870e-12
8.900398e-13
1.017828e-12
7.895565e-13
7.188951e-13
5.651560e-13
6.393186e-13
4.940245e-13
9.304841e-13
8.009747e-13
5.562174e-13
5.604552e-13
9.729068e-13
8.563693e-13
7.765354e-13
7.358925e-13
6.231145e-13
8.173960e-13
5.123790e-13
7.323409e-13
6.848956e-13
5.985324e-13
9.976994e-13
6.860755e-13
5.223042e-13
6.022456e-13
6.659344e-13
8.397064e-13
5.198536e-13
6.206670e-13
8.468944e-13
5.151163e-13
9.190225e-13
4.720897e-13
7.270314e-13
7.876205e-13
6.342366e-13
6.889888e-13
7.865272e-13
8.695095e-13
9.829365e-13
5.517759e-13
7.153678e-13
8.069286e-13
7.034522e-13
8.208873e-13
8.746122e-13
6.594480e-13
6.769742e-13
7.431718e-13
7.725814e-13
7.641288e-13
9.392540e-13
9.507159e-13
6.371576e-13
9.790614e-13
5.973261e-13
7.451910e-13
7.647153e-13
7.241522e-13
8.738176e-13
6.620543e-13
5.457803e-13
7.299671e-13
4.503535e-13
8.418587e-13
1.254063e-12
5.524739e-13
7.607053e-13
4.873055e-13
4.441254e-13
6.114440e-13
8.099953e-13
6.788840e-13
7.624652e-13
6.810687e-13
1.109909e-12
7.647196e-13
7.033455e-13
1.811211e-12
1.400488e-12
7.001426e-13
6.241944e-13
1.003352e-12
7.608951e-13
5.092193e-13
4.613257e-13
7.442129e-13
1.276826e-12
8.337340e-13
6.168517e-13
3.096886e-13
9.895929e-13
9.438495e-13
6.118979e-13
6.845975e-13
5.878318e-13
6.673843e-13
6.261979e-13
7.017848e-13
6.591897e-13
1.227303e-12
8.830566e-13
5.844536e-13
5.949955e-13
7.370862e-13
6.299991e-13
7.321298e-13
6.816650e-13
9.942440e-13
9.921453e-13
8.513769e-13
6.274377e-13
1.198588e-12
8.345148e-13
6.192254e-13
1.110284e-12
5.419657e-13
8.124328e-13
6.391462e-13
7.593138e-13
3.811633e-13
6.859841e-13
8.258880e-13
7.884559e-13
3.224850e-13
4.920378e-13
7.961948e-13
1.350118e-12
3.214418e-13
7.881647e-13
9.860308e-13
7.462279e-13
6.028599e-13
6.218318e-13
1.279163e-12
7.212443e-13
8.357815e-13
4.786532e-13
4.130805e-13
1.126380e-12
5.398968e-13
4.469730e-13
6.255080e-13
6.561495e-13
5.616740e-13
6.805508e-13
4.922472e-13
8.065651e-13
4.242865e-13
8.554723e-13
8.397236e-13
5.655392e-13
4.375341e-13
5.822362e-13
4.481953e-13
4.649480e-13
6.008878e-13
8.806517e-13
9.706654e-13
6.821769e-13
5.003853e-13
7.832633e-13
6.128373e-13
8.894320e-13
7.678242e-13
8.162087e-13
6.470486e-13
7.887606e-13
5.990012e-13
5.733557e-13
1.119332e-12
7.888810e-13
4.658763e-13
1.307498e-12
5.705216e-13
9.533984e-13
1.017633e-12
7.256520e-13
5.665308e-13
5.746379e-13
9.439989e-13
8.577589e-13
6.922889e-13
6.759933e-13
6.410265e-13
6.515731e-13
9.381861e-13
7.538254e-13
5.410362e-13
8.052835e-13
6.413189e-13
3.647665e-13
1.026681e-12
7.797946e-13
9.554048e-13
8.331749e-13
5.079589e-13
4.848759e-13
9.721595e-13
8.174566e-13
6.997704e-13
1.166782e-12
8.247704e-13
1.065011e-12
5.397451e-13
1.012895e-12
1.063220e-12
1.153201e-12
6.556314e-13
8.244961e-13
9.706512e-13
1.289060e-12
1.008781e-12
8.811611e-13
3.948347e-13
5.609153e-13
7.946191e-13
9.951787e-13
1.251761e-12
7.516864e-13
8.237594e-13
6.397827e-13
7.802755e-13
6.578980e-13
6.081428e-13
2.488510e-13
4.739670e-13
1.189973e-12
8.424628e-13
5.784078e-13
5.405507e-13
6.689297e-13
9.038756e-13
7.804092e-13
7.604809e-13
5.799054e-13
6.385846e-13
1.226364e-12
9.161554e-13
4.702151e-13
6.367220e-13
8.150173e-13
9.656710e-13
3.302230e-13
6.973586e-13
8.411275e-13
6.228954e-13
7.261268e-13
8.266212e-13
4.072567e-13
6.763663e-13
7.473868e-13
8.214126e-13
6.922173e-13
9.921439e-13
1.070305e-12
7.945753e-13
1.017053e-12
4.801214e-13
4.342257e-13
6.993749e-13
5.795132e-13
6.918849e-13
7.082374e-13
5.835580e-13
1.006935e-12
4.472561e-13
1.065736e-12
5.087603e-13
7.816454e-13
7.313369e-13
7.233617e-13
6.536082e-13
6.802080e-13
1.066799e-12
5.194297e-13
6.543493e-13
1.345088e-12
8.171415e-13
7.555551e-13
1.032867e-12
9.305404e-13
5.213150e-13
5.150573e-13
5.133814e-13
1.060019e-12
6.813924e-13
7.177578e-13
5.774728e-13
9.714425e-13
1.236040e-12
5.602593e-13
5.673637e-13
4.507177e-13
7.290831e-13
8.208196e-13
7.091219e-13
5.325179e-13
3.949559e-13
5.673321e-13
1.066606e-12
6.733040e-13
7.981401e-13
9.467938e-13
6.373625e-13
9.589379e-13
8.603383e-13
6.642289e-13
7.017662e-13
1.231363e-12
5.827185e-13
4.044450e-13
3.814150e-13
4.892496e-13
4.895732e-13
6.801644e-13
7.288437e-13
6.109292e-13
5.844211e-13
3.670730e-13
3.393239e-13
3.334847e-13
6.808434e-13
4.003291e-13
7.796746e-13
7.338552e-13
6.408838e-13
4.416513e-13
5.554724e-13
4.189724e-13
7.268165e-13
1.026590e-12
5.909616e-13
5.458488e-13
6.844690e-13
6.309698e-13
5.091807e-13
5.594131e-13
7.979772e-13
5.439504e-13
7.527776e-13
5.388575e-13
4.023896e-13
6.605339e-13
5.377028e-13
6.262913e-13
9.013505e-13
6.119068e-13
1.637083e-12
5.130600e-13
6.033318e-13
7.790462e-13
6.036669e-13
5.354400e-13
4.585881e-13
8.075040e-13
4.843774e-13
6.149639e-13
5.157856e-13
4.610899e-13
7.850387e-13
6.751867e-13
7.582921e-13
6.221597e-13
3.535016e-13
5.621936e-13
5.793313e-13
5.581183e-13
6.686875e-13
2.975607e-13
6.714916e-13
6.705084e-13
4.697243e-13
6.635029e-13
6.752955e-13
9.894483e-13
6.268947e-13
3.702434e-13
5.777400e-13
6.668002e-13
7.191291e-13
5.209853e-13
4.189015e-13
4.265021e-13
3.001484e-13
5.508100e-13
4.646667e-13
5.514885e-13
4.992530e-13
6.640046e-13
6.035197e-13
8.603518e-13
5.802260e-13
6.207357e-13
4.476885e-13
7.333155e-13
3.047605e-13
7.587370e-13
6.186531e-13
8.291229e-13
7.814274e-13
5.247322e-13
4.742551e-13
8.357819e-13
5.196196e-13
5.842876e-13
6.347396e-13
5.128722e-13
5.352287e-13
5.137679e-13
6.652007e-13
4.595282e-13
4.455743e-13
5.907971e-13
7.952904e-13
8.799295e-13
5.187533e-13
3.960993e-13
4.891682e-13
6.505706e-13
6.851244e-13
5.606407e-13
5.571114e-13
5.792454e-13
6.214838e-13
8.099454e-13
6.720438e-13
4.687794e-13
4.024607e-13
6.926449e-13
6.343660e-13
6.762330e-13
5.135317e-13
4.691679e-13
3.832943e-13
9.089706e-13
5.724741e-13
4.725246e-13
5.774513e-13
7.697990e-13
5.532263e-13
1.036084e-12
5.219865e-13
8.050463e-13
5.888677e-13
5.581348e-13
4.004897e-13
7.326293e-13
4.619288e-13
8.526858e-13
4.181091e-13
4.569143e-13
5.728896e-13
6.349226e-13
7.609477e-13
7.429633e-13
4.478841e-13
5.521294e-13
6.271903e-13
8.019988e-13
7.877194e-13
5.587900e-13
6.320141e-13
4.935041e-13
5.787696e-13
7.039468e-13
6.964069e-13
6.166343e-13
7.287345e-13
3.940425e-13
7.435156e-13
4.678206e-13
5.344047e-13
4.587531e-13
5.777942e-13
8.391158e-13
9.406197e-13
4.697029e-13
6.068549e-13
5.477320e-13
5.916128e-13
4.852765e-13
1.076976e-12
6.634838e-13
7.114304e-13
5.320760e-13
6.966022e-13
8.932770e-13
4.541150e-13
5.112238e-13
5.658300e-13
6.174600e-13
7.700181e-13
5.069206e-13
1.118562e-12
7.580600e-13
6.855166e-13
6.779543e-13
4.642565e-13
3.744479e-13
3.697442e-13
7.958246e-13
4.170091e-13
5.841589e-13
6.774956e-13
8.167897e-13
6.267855e-13
4.294262e-13
1.055709e-12
6.900219e-13
5.901399e-13
6.579708e-13
6.928922e-13
9.782748e-13
6.085505e-13
6.069211e-13
5.275991e-13
1.180923e-12
6.871336e-13
7.274246e-13
5.555665e-13
7.554103e-13
6.649635e-13
4.555608e-13
6.454906e-13
5.616123e-13
6.971270e-13
5.668037e-13
5.980704e-13
2.533053e-13
3.472452e-13
5.972582e-13
4.855557e-13
4.146979e-13
3.775884e-13
4.605820e-13
6.132281e-13
4.666878e-13
5.700015e-13
5.113295e-13
7.631532e-13
6.863378e-13
7.757944e-13
9.363389e-13
5.246075e-13
7.114810e-13
5.969157e-13
7.109663e-13
4.332697e-13
4.802027e-13
5.880168e-13
6.969253e-13
6.153180e-13
4.162393e-13
7.830923e-13
7.889519e-13
8.549508e-13
6.702733e-13
9.955314e-13
1.008100e-12
4.615961e-13
5.388726e-13
5.643869e-13
7.021253e-13
6.354268e-13
5.718034e-13
5.283501e-13
6.739975e-13
3.369670e-13
6.021022e-13
6.155633e-13
5.843134e-13
4.784045e-13
7.698496e-13
5.550076e-13
1.273811e-12
7.736306e-13
7.501997e-13
5.139220e-13
5.338939e-13
5.900371e-13
4.221724e-13
7.554853e-13
8.569516e-13
5.691254e-13
9.297243e-13
3.612746e-13
5.343833e-13
5.992920e-13
9.403646e-13
7.217212e-13
5.946304e-13
4.340531e-13
7.200154e-13
7.946970e-13
5.297408e-13
4.186694e-13
8.929343e-13
9.178815e-13
6.777821e-13
9.416589e-13
9.293695e-13
5.146969e-13
6.729972e-13
6.029756e-13
4.192130e-13
8.964518e-13
8.885346e-13
7.487659e-13
1.142551e-12
7.418576e-13
8.827751e-13
9.392663e-13
3.927718e-13
5.379633e-13
7.784353e-13
6.341410e-13
8.189992e-13
7.188205e-13
6.747458e-13
3.602990e-13
6.969900e-13
5.182390e-13
8.059766e-13
5.930473e-13
5.980521e-13
8.882097e-13
4.688353e-13
7.496317e-13
6.472207e-13
5.717586e-13
8.913117e-13
8.366860e-13
8.283347e-13
6.118942e-13
5.572590e-13
6.595212e-13
5.214658e-13
6.558670e-13
4.188199e-13
4.194585e-13
8.587376e-13
8.597643e-13
5.511018e-13
6.248759e-13
6.025260e-13
5.823856e-13
6.414659e-13
8.544851e-13
7.650994e-13
8.159393e-13
5.478831e-13
4.232286e-13
5.637101e-13
8.032847e-13
4.089250e-13
5.516588e-13
6.611330e-13
8.697703e-13
4.158434e-13
3.892745e-13
1.390078e-12
4.245341e-13
6.189902e-13
1.209915e-12
1.117478e-12
5.872142e-13
5.302595e-13
8.360973e-13
6.298374e-13
5.119042e-13
6.783494e-13
6.126394e-13
5.508488e-13
5.078101e-13
7.661234e-13
4.941307e-13
5.565849e-13
9.208700e-13
8.791440e-13
7.127858e-13
3.578342e-13
5.563674e-13
4.133785e-13
5.809159e-13
6.591446e-13
5.913343e-13
4.555478e-13
1.061112e-12
8.883640e-13
5.735110e-13
8.738262e-13
5.609184e-13
1.057876e-12
8.753214e-13
8.937730e-13
8.818043e-13
6.357414e-13
4.627960e-13
5.233366e-13
7.683336e-13
6.325684e-13
9.702234e-13
1.374521e-12
6.602442e-13
6.819898e-13
7.966609e-13
4.655597e-13
5.516023e-13
6.936729e-13
7.149351e-13
4.967418e-13
3.857056e-13
7.169839e-13
6.976382e-13
9.020698e-13
8.943251e-13
4.893282e-13
7.471177e-13
5.115654e-13
7.493184e-13
4.538991e-13
8.873700e-13
8.133890e-13
9.976757e-13
7.238248e-13
4.896820e-13
5.311809e-13
9.622784e-13
1.063963e-12
9.799013e-13
4.547192e-13
6.126757e-13
1.096882e-12
9.331051e-13
7.594073e-13
7.128690e-13
5.170173e-13
8.827047e-13
1.006627e-12
7.359858e-13
6.592819e-13
9.138091e-13
5.324010e-13
8.619998e-13
5.250244e-13
1.163674e-12
4.561195e-13
6.443201e-13
7.482147e-13
5.230506e-13
6.548411e-13
6.511237e-13
6.773999e-13
6.956536e-13
1.340267e-12
8.255149e-13
5.361772e-13
4.109425e-13
7.933450e-13
6.582664e-13
6.069459e-13
5.622455e-13
6.585698e-13
6.158454e-13
7.416890e-13
8.885710e-13
8.320608e-13
6.749506e-13
7.143446e-13
5.473158e-13
1.050792e-12
3.781604e-13
1.097737e-12
4.197224e-13
5.490098e-13
7.161664e-13
4.726784e-13
5.716438e-13
3.994881e-13
3.159285e-13
3.807400e-13
6.143660e-13
5.950158e-13
6.352205e-13
4.598874e-13
8.348825e-13
4.623374e-13
8.789611e-13
5.837259e-13
5.223121e-13
8.848454e-13
7.191904e-13
7.487257e-13
6.605882e-13
7.841940e-13
8.614671e-13
9.747641e-13
5.995931e-13
7.115978e-13
8.968320e-13
7.165873e-13
6.940002e-13
6.364813e-13
3.938829e-13
7.299913e-13
1.269987e-12
2.652781e-13
4.073861e-13
3.831553e-13
1.060469e-12
9.407178e-13
5.477830e-13
4.655583e-13
9.842207e-13
4.082635e-13
1.054832e-12
6.540461e-13
7.224840e-13
5.261873e-13
6.570441e-13
9.197545e-13
1.144741e-12
1.056977e-12
5.758124e-13
8.203236e-13
8.906334e-13
1.099094e-12
7.076877e-13
6.146145e-13
1.001856e-12
5.152318e-13
2.718353e-13
7.219021e-13
1.137295e-12
7.920941e-13
8.762932e-13
7.458227e-13
7.234428e-13
1.329210e-12
7.371426e-13
4.652474e-13
7.724889e-13
9.211716e-13
8.046378e-13
4.689659e-13
5.160571e-13
6.243959e-13
7.209230e-13
5.958074e-13
6.343432e-13
7.425914e-13
7.267450e-13
6.017316e-13
6.455797e-13
4.902572e-13
1.001019e-12
9.129812e-13
9.214860e-13
6.207345e-13
8.234103e-13
7.159083e-13
3.309237e-13
5.797448e-13
8.199145e-13
6.845967e-13
7.576836e-13
8.235950e-13
6.790497e-13
5.903148e-13
9.174022e-13
5.363236e-13
4.515258e-13
5.918417e-13
1.322258e-12
7.663462e-13
6.819923e-13
5.784302e-13
8.985119e-13
6.582794e-13
6.415748e-13
6.316543e-13
6.497321e-13
1.018073e-12
5.371718e-13
8.305752e-13
1.295425e-12
3.602516e-13
8.107575e-13
5.382109e-13
9.538407e-13
5.943886e-13
7.585930e-13
6.610210e-13
6.281202e-13
9.356571e-13
6.205229e-13
6.413651e-13
5.970601e-13
7.821536e-13
6.943761e-13
6.650258e-13
1.132760e-12
6.590002e-13
6.759229e-13
5.511013e-13
4.774935e-13
5.725591e-13
6.106498e-13
8.798052e-13
6.108797e-13
4.952511e-13
1.225887e-12
5.207243e-13
1.198542e-12
3.294262e-13
7.524589e-13
5.251774e-13
4.328441e-13
8.982062e-13
9.559911e-13
8.423988e-13
6.415039e-13
6.834339e-13
9.521360e-13
7.424145e-13
1.045174e-12
8.720951e-13
4.046085e-13
6.236407e-13
5.611341e-13
6.724879e-13
7.782705e-13
2.983174e-13
6.350492e-13
5.584999e-13
6.582176e-13
7.415847e-13
7.130460e-13
5.585472e-13
4.792543e-13
5.675548e-13
8.418730e-13
7.044791e-13
5.748174e-13
9.532243e-13
6.289508e-13
5.223890e-13
8.831071e-13
8.474765e-13
4.561858e-13
7.627301e-13
5.496022e-13
9.103810e-13
8.652179e-13
7.859112e-13
9.276710e-13
7.843326e-13
9.101042e-13
5.237181e-13
8.727056e-13
5.352226e-13
5.210380e-13
6.512620e-13
5.347694e-13
5.352712e-13
8.248795e-13
5.806791e-13
8.892054e-13
6.015283e-13
1.087657e-12
8.810632e-13
1.102629e-12
8.836390e-13
1.003483e-12
6.896901e-13
5.841863e-13
1.120156e-12
7.289640e-13
6.762111e-13
6.267896e-13
6.376683e-13
6.176314e-13
8.084435e-13
9.715692e-13
3.943898e-13
1.000827e-12
4.767953e-13
8.222474e-13
9.107834e-13
6.209301e-13
4.879269e-13
4.493578e-13
1.048553e-12
1.009209e-12
3.292546e-13
1.032632e-12
1.042027e-12
7.856908e-13
6.071522e-13
5.267280e-13
8.378265e-13
5.628486e-13
3.828504e-13
7.108801e-13
4.159945e-13
7.623098e-13
5.535008e-13
4.051175e-13
4.764545e-13
3.880767e-13
8.053356e-13
6.244592e-13
7.263494e-13
6.586405e-13
1.234070e-12
9.355397e-13
6.483290e-13
9.911163e-13
9.974160e-13
5.081534e-13
7.534574e-13
5.857729e-13
6.038647e-13
3.306399e-13
1.702269e-12
6.816770e-13
5.666250e-13
1.307405e-12
6.318495e-13
6.242200e-13
1.220368e-12
7.153061e-13
7.725226e-13
9.392781e-13
6.464616e-13
5.563457e-13
8.245538e-13
6.187379e-13
3.646603e-13
1.017068e-12
7.742482e-13
5.340937e-13
9.090974e-13
5.326092e-13
7.565989e-13
6.647102e-13
4.980878e-13
4.174870e-13
6.478763e-13
5.517465e-13
7.227046e-13
3.418799e-13
9.408954e-13
8.664746e-13
1.127463e-12
7.372301e-13
6.461346e-13
9.284639e-13
8.035112e-13
5.440052e-13
6.316724e-13
9.778994e-13
9.945686e-13
1.441395e-12
6.692433e-13
8.029972e-13
7.413691e-13
6.783365e-13
4.772736e-13
6.950711e-13
9.177963e-13
4.969119e-13
2.593066e-13
9.639233e-13
4.926136e-13
7.139104e-13
6.035096e-13
1.099813e-12
7.587745e-13
8.494155e-13
4.809135e-13
4.925057e-13
5.527125e-13
5.629018e-13
9.479228e-13
1.081975e-12
7.819247e-13
1.153777e-12
5.186917e-13
4.789557e-13
8.043387e-13
6.067997e-13
3.912075e-13
9.202772e-13
7.710833e-13
6.145196e-13
1.056519e-12
7.988872e-13
7.386859e-13
6.884213e-13
1.266292e-12
6.311369e-13
7.265023e-13
8.262803e-13
4.874333e-13
8.107846e-13
5.507940e-13
7.806818e-13
6.014168e-13
7.655736e-13
5.984332e-13
4.330146e-13
4.217418e-13
1.093546e-12
8.460075e-13
8.730586e-13
9.914451e-13
7.872320e-13
6.583124e-13
4.671634e-13
5.616270e-13
7.623513e-13
9.839266e-13
9.329255e-13
2.392098e-13
5.269409e-13
8.715850e-13
6.587958e-13
6.214635e-13
6.073884e-13
6.001057e-13
6.573915e-13
9.468834e-13
5.823174e-13
4.735498e-13
5.269226e-13
5.739794e-13
7.333353e-13
5.637837e-13
3.037646e-13
5.371043e-13
6.769905e-13
2.205671e-13
4.626841e-13
3.680965e-13
1.521066e-12
6.069436e-13
1.672787e-12
5.934001e-13
7.061220e-13
4.981856e-13
6.446276e-13
5.653122e-13
6.072925e-13
6.274268e-13
4.659672e-13
2.929344e-13
2.682018e-13
6.042968e-13
5.547215e-13
8.383000e-13
5.431764e-13
4.084929e-13
4.133732e-13
6.539445e-13
1.796128e-13
7.150185e-13
6.965072e-13
3.578232e-13
6.443539e-13
6.861843e-13
5.493038e-13
1.945194e-12
4.913353e-13
5.350288e-13
3.832255e-13
6.446495e-13
8.413651e-13
6.045458e-13
4.789888e-13
3.137508e-13
4.647330e-13
4.693826e-13
7.203079e-13
3.398370e-13
5.831615e-13
6.517054e-13
7.018584e-13
6.066501e-13
3.895379e-13
6.005813e-13
8.763488e-13
6.274059e-13
5.603624e-13
7.702625e-13
5.682688e-13
8.254698e-13
6.075124e-13
5.235277e-13
4.831196e-13
6.171966e-13
5.660989e-13
5.493079e-13
5.162202e-13
3.283176e-13
3.126178e-13
3.619780e-13
5.777119e-13
5.751382e-13
5.241072e-13
4.400626e-13
4.706269e-13
5.166205e-13
4.421842e-13
7.503997e-13
7.429716e-13
3.196925e-13
6.213911e-13
6.552705e-13
7.379380e-13
6.937949e-13
6.275661e-13
5.361333e-13
4.237726e-13
5.693936e-13
5.398971e-13
7.845159e-13
1.092765e-12
5.143580e-13
6.103357e-13
7.529967e-13
5.346802e-13
4.233987e-13
7.945734e-13
9.759304e-13
6.520516e-13
5.468614e-13
9.705689e-13
9.420607e-13
6.740802e-13
7.246341e-13
6.347624e-13
4.943147e-13
5.900130e-13
5.181906e-13
4.299362e-13
5.880210e-13
6.391164e-13
1.168669e-12
8.069378e-13
5.323645e-13
4.027592e-13
5.520503e-13
6.162852e-13
6.122652e-13
7.451304e-13
4.463762e-13
5.095848e-13
6.809861e-13
5.824461e-13
5.931814e-13
6.178542e-13
3.375980e-13
6.383779e-13
5.365937e-13
5.049926e-13
4.322799e-13
5.236394e-13
9.866546e-13
4.157487e-13
5.258062e-13
4.005157e-13
4.769684e-13
8.035693e-13
3.368188e-13
4.334409e-13
3.842239e-13
4.857359e-13
7.153549e-13
4.559794e-13
4.263036e-13
5.904295e-13
1.414301e-12
4.714716e-13
9.892312e-13
7.478077e-13
4.392853e-13
7.931186e-13
4.981162e-13
6.017517e-13
4.254509e-13
4.147391e-13
3.460348e-13
5.122574e-13
4.358223e-13
2.868212e-13
5.859339e-13
5.790021e-13
3.312742e-13
8.393017e-13
1.012677e-12
4.586337e-13
4.553794e-13
4.349122e-13
6.541983e-13
6.148467e-13
6.099005e-13
5.433991e-13
6.496669e-13
6.145138e-13
7.051880e-13
6.170616e-13
3.818413e-13
4.955974e-13
6.114655e-13
6.793026e-13
7.949506e-13
4.548951e-13
2.621499e-13
5.558442e-13
5.229153e-13
6.618346e-13
3.466558e-13
8.462292e-13
2.992441e-13
5.130536e-13
4.421675e-13
7.553523e-13
4.559518e-13
5.904526e-13
7.202292e-13
8.583386e-13
6.601107e-13
3.873227e-13
8.008844e-13
7.482201e-13
3.965897e-13
6.353134e-13
3.957934e-13
1.052671e-12
1.350835e-12
4.500937e-13
4.999461e-13
4.501554e-13
6.710294e-13
7.577953e-13
4.686198e-13
6.701069e-13
4.711546e-13
3.812529e-13
6.077821e-13
1.089580e-12
6.369181e-13
7.644486e-13
6.252624e-13
9.561510e-13
3.732472e-13
1.061675e-12
6.506753e-13
1.502613e-12
6.134058e-13
8.769249e-13
5.109519e-13
1.121435e-12
7.744837e-13
3.985046e-13
5.186001e-13
1.370604e-12
8.667321e-13
5.779150e-13
7.581763e-13
4.563358e-13
1.060736e-12
6.088761e-13
1.020049e-12
4.896166e-13
6.362704e-13
5.161335e-13
6.714191e-13
1.150814e-12
4.347975e-13
3.708584e-13
6.313427e-13
5.913365e-13
6.629203e-13
7.473543e-13
6.864496e-13
2.320620e-13
5.916070e-13
4.716273e-13
5.962910e-13
6.258692e-13
4.565063e-13
5.283131e-13
8.966192e-13
7.259251e-13
1.369733e-12
7.195289e-13
5.630849e-13
5.698970e-13
5.526867e-13
1.206255e-12
5.262536e-13
6.331183e-13
5.200286e-13
7.553581e-13
4.758820e-13
6.351667e-13
2.889352e-13
9.078064e-13
5.778216e-13
4.835823e-13
5.042896e-13
5.365251e-13
8.111565e-13
7.442168e-13
4.607300e-13
8.663875e-13
4.179126e-13
1.412584e-12
6.527156e-13
4.639647e-13
3.176391e-13
3.895399e-13
7.646799e-13
6.622848e-13
8.327980e-13
4.957554e-13
6.317691e-13
5.143215e-13
5.398014e-13
4.641350e-13
7.079636e-13
6.652498e-13
5.448276e-13
6.989852e-13
4.620286e-13
9.594763e-13
6.381402e-13
6.029770e-13
6.579518e-13
5.450219e-13
9.348199e-13
9.188320e-13
6.320399e-13
6.847438e-13
6.386791e-13
1.141234e-12
9.881199e-13
6.568474e-13
8.897412e-13
7.115690e-13
1.059171e-12
5.017399e-13
5.308509e-13
8.520013e-13
6.447403e-13
1.055194e-12
5.837693e-13
8.971240e-13
8.087892e-13
1.049773e-12
3.010501e-13
1.124696e-12
5.980880e-13
5.156982e-13
1.003274e-12
8.420559e-13
6.368727e-13
9.369925e-13
6.351453e-13
8.383721e-13
6.975744e-13
4.912252e-13
7.741833e-13
5.253665e-13
2.891937e-13
5.232812e-13
5.277131e-13
8.621838e-13
6.542095e-13
1.223946e-12
6.152835e-13
5.542788e-13
9.826073e-13
4.930956e-13
3.696607e-13
7.258409e-13
6.264001e-13
1.707862e-12
6.188586e-13
6.401651e-13
1.319397e-12
3.908218e-13
5.569893e-13
6.412020e-13
4.988730e-13
6.406047e-13
7.166893e-13
4.639488e-13
4.232905e-13
8.434953e-13
9.339301e-13
4.513616e-13
8.323216e-13
2.021971e-13
4.716333e-13
7.586966e-13
8.099841e-13
7.509897e-13
4.671565e-13
3.532452e-13
5.636586e-13
8.268963e-13
6.517018e-13
6.669107e-13
9.493046e-13
6.953179e-13
7.084741e-13
5.604289e-13
5.447199e-13
5.017069e-13
5.280987e-13
4.286071e-13
1.056973e-12
8.204500e-13
6.796949e-13
9.089696e-13
6.397567e-13
1.046010e-12
7.334270e-13
4.342534e-13
7.898169e-13
4.843783e-13
1.223283e-12
8.689850e-13
7.033767e-13
8.575666e-13
7.571264e-13
4.008612e-13
6.598599e-13
3.563303e-13
3.413499e-13
5.560305e-13
7.633900e-13
4.812481e-13
8.170683e-13
1.008794e-12
3.685782e-13
1.127272e-12
4.094475e-13
7.870777e-13
8.508557e-13
4.463214e-13
1.114078e-12
6.120870e-13
7.695257e-13
7.384762e-13
4.546892e-13
5.028996e-13
5.752177e-13
7.153922e-13
1.177468e-12
6.463221e-13
4.588359e-13
7.436737e-13
8.261459e-13
5.376364e-13
5.709122e-13
1.166749e-12
4.532272e-13
5.390000e-13
4.559740e-13
7.663583e-13
5.591253e-13
4.574174e-13
7.648809e-13
5.743263e-13
1.558734e-12
8.018973e-13
8.834823e-13
7.269516e-13
8.902858e-13
5.762323e-13
5.937414e-13
7.045323e-13
8.043769e-13
7.814930e-13
6.644732e-13
8.762814e-13
9.306923e-13
3.396335e-13
1.012297e-12
1.023760e-12
7.351281e-13
8.229572e-13
6.029432e-13
1.208103e-12
5.783151e-13
1.080535e-12
5.868549e-13
5.523888e-13
9.683261e-13
6.843229e-13
4.778791e-13
7.768872e-13
1.657564e-12
6.231024e-13
8.858354e-13
1.075884e-12
8.203298e-13
6.342465e-13
5.159564e-13
1.378104e-12
7.965783e-13
8.832411e-13
1.513034e-12
7.069578e-13
1.095574e-12
5.905489e-13
8.382754e-13
5.227266e-13
1.054837e-12
7.524718e-13
1.291683e-12
1.200917e-12
3.666426e-13
8.027157e-13
6.532232e-13
9.226119e-13
6.130661e-13
3.806051e-13
9.150402e-13
9.057037e-13
5.598013e-13
7.860119e-13
6.432031e-13
7.288611e-13
3.951075e-13
5.258027e-13
1.045401e-12
8.967282e-13
1.014234e-12
1.670324e-05
1.696697e-05
1.585227e-05
1.628653e-05
1.606952e-05
1.609152e-05
1.614383e-05
1.606880e-05
1.639761e-05
1.580636e-05
1.646047e-05
1.569026e-05
1.676395e-05
1.587713e-05
1.664649e-05
1.552207e-05
1.554836e-05
1.540560e-05
1.622035e-05
1.646716e-05
1.555615e-05
1.526274e-05
1.420870e-05
1.452008e-05
1.433506e-05
1.373746e-05
1.321566e-05
1.335482e-05
1.278298e-05
1.535663e-05
1.565338e-05
1.555570e-05
1.354768e-05
1.286945e-05
1.196437e-05
1.196327e-05
1.273111e-05
1.158422e-05
1.168882e-05
1.102210e-05
1.125044e-05
1.199556e-05
1.093853e-05
1.162454e-05
1.106628e-05
1.193712e-05
1.122372e-05
1.113874e-05
1.173039e-05
1.084030e-05
1.151223e-05
1.159306e-05
1.175555e-05
2.024457e-05
1.126096e-05
1.065332e-05
1.108070e-05
1.091696e-05
1.988152e-05
1.039157e-05
9.826260e-06
9.946014e-06
9.921546e-06
1.977786e-05
9.914424e-06
1.024150e-05
1.985825e-05
9.470776e-06
1.988441e-05
1.949020e-05
9.193458e-06
8.713731e-06
1.955710e-05
2.053231e-05
2.040500e-05
1.920399e-05
1.888167e-05
2.066523e-05
1.890254e-05
2.050880e-05
1.892787e-05
1.231574e-05
2.027103e-05
9.820505e-06
1.949418e-05
1.776041e-05
1.307239e-05
1.338610e-05
1.901769e-05
1.919976e-05
1.314877e-05
1.331553e-05
1.246634e-05
1.822231e-05
2.020464e-05
1.728993e-05
1.964058e-05
1.650976e-05
1.680956e-05
2.024385e-05
2.015448e-05
1.836632e-05
8.830083e-06
1.460127e-05
1.666729e-05
8.780743e-06
8.204883e-06
1.590529e-05
8.337834e-06
8.714369e-06
8.226819e-06
8.419855e-06
8.469722e-06
1.592393e-05
8.680991e-06
8.534606e-06
8.483591e-06
1.539186e-05
8.401080e-06
8.554162e-06
8.836663e-06
1.491227e-05
8.309397e-06
8.533505e-06
9.033786e-06
8.023032e-06
1.483330e-05
7.659900e-06
9.002117e-06
7.916774e-06
8.829359e-06
8.765851e-06
7.687740e-06
9.669693e-06
7.321428e-06
8.822398e-06
7.005174e-06
7.194919e-06
7.001763e-06
7.062783e-06
1.440219e-05
6.729024e-06
2.125539e-05
2.136007e-05
2.098652e-05
6.371062e-06
2.079092e-05
2.082037e-05
2.027883e-05
1.990345e-05
2.087471e-05
2.122457e-05
8.976798e-06
2.065059e-05
2.069528e-05
2.140792e-05
2.014366e-05
2.149477e-05
2.046513e-05
2.166516e-05
2.021399e-05
2.004922e-05
2.152157e-05
1.914385e-05
1.960639e-05
1.870156e-05
1.961482e-05
1.803808e-05
1.801216e-05
1.693585e-05
1.744515e-05
9.200225e-06
9.517768e-06
6.497875e-06
1.707942e-05
1.641293e-05
1.575089e-05
1.539666e-05
1.550565e-05
7.206048e-06
1.527947e-05
1.959747e-05
2.324125e-05
2.034264e-05
2.256909e-05
2.293050e-05
2.246526e-05
1.982808e-05
2.237271e-05
2.098828e-05
2.202513e-05
1.739899e-05
2.136127e-05
2.089485e-05
2.055121e-05
2.049147e-05
2.090684e-05
1.958733e-05
1.969769e-05
2.113918e-05
2.005581e-05
2.214965e-05
2.208267e-05
1.680674e-05
1.906639e-05
1.734154e-05
2.143720e-05
1.959203e-05
1.668699e-05
2.074176e-05
2.217969e-05
1.844503e-05
1.552627e-05
1.602627e-05
1.565136e-05
1.827649e-05
1.733105e-05
1.983968e-05
1.958702e-05
1.757208e-05
1.754280e-05
2.123017e-05
1.492722e-05
1.727005e-05
1.642058e-05
1.709259e-05
1.897307e-05
1.736830e-05
1.683416e-05
2.121342e-05
1.798279e-05
1.772626e-05
1.686327e-05
1.860663e-05
1.707081e-05
1.716338e-05
1.600930e-05
1.356968e-05
1.651833e-05
1.613014e-05
1.794601e-05
1.364155e-05
1.780101e-05
2.073995e-05
1.751223e-05
1.748286e-05
1.657729e-05
1.674789e-05
1.569476e-05
2.094848e-05
1.944761e-05
1.646604e-05
1.246499e-05
1.976015e-05
1.706914e-05
1.538052e-05
1.494335e-05
1.382509e-05
2.048656e-05
1.856330e-05
2.002688e-05
1.686981e-05
1.992790e-05
1.514684e-05
1.612115e-05
1.574666e-05
1.622800e-05
1.760609e-05
1.388410e-05
1.622004e-05
1.827744e-05
1.840636e-05
1.687178e-05
1.645671e-05
1.717703e-05
1.665273e-05
1.505051e-05
1.644745e-05
1.660134e-05
1.932469e-05
1.850563e-05
1.482808e-05
1.588010e-05
1.732206e-05
1.728233e-05
1.945348e-05
1.771381e-05
1.963199e-05
1.415501e-05
1.823497e-05
1.789921e-05
1.554549e-05
1.612420e-05
2.109233e-05
1.556021e-05
1.679426e-05
1.475934e-05
1.451470e-05
1.873077e-05
1.868142e-05
1.312098e-05
1.751343e-05
1.567899e-05
1.410036e-05
1.562472e-05
1.654844e-05
1.672273e-05
1.286158e-05
1.774242e-05
1.613840e-05
1.485420e-05
1.899217e-05
1.528847e-05
1.562450e-05
1.810690e-05
1.679075e-05
1.536799e-05
1.570544e-05
1.516917e-05
1.428552e-05
1.842157e-05
1.663530e-05
1.319193e-05
1.930752e-05
1.570499e-05
1.585514e-05
1.822592e-05
1.472441e-05
1.359237e-05
1.255431e-05
1.670046e-05
1.838956e-05
1.990981e-05
1.297098e-05
1.809383e-05
1.596613e-05
1.638259e-05
1.673793e-05
1.773931e-05
1.675287e-05
1.681410e-05
1.412766e-05
1.851687e-05
1.249236e-05
1.801518e-05
1.637304e-05
1.409405e-05
1.611496e-05
1.556947e-05
1.623531e-05
1.399606e-05
1.281879e-05
1.681900e-05
1.812802e-05
1.342992e-05
1.447607e-05
1.386046e-05
1.539059e-05
1.544650e-05
1.683809e-05
1.664975e-05
1.501387e-05
1.635426e-05
1.628625e-05
1.348194e-05
1.578579e-05
1.419836e-05
1.751418e-05
1.215158e-05
1.462366e-05
1.830136e-05
1.307829e-05
1.578815e-05
1.489199e-05
1.149297e-05
1.444377e-05
1.576224e-05
1.715578e-05
1.693918e-05
1.323694e-05
1.545806e-05
1.492894e-05
1.285849e-05
1.544971e-05
1.679221e-05
1.751529e-05
1.772247e-05
1.277140e-05
1.485046e-05
1.689986e-05
1.962919e-05
1.184217e-05
1.561467e-05
1.904277e-05
1.656022e-05
1.543694e-05
1.338884e-05
1.325753e-05
1.256230e-05
1.545231e-05
1.704615e-05
1.600957e-05
1.406219e-05
1.165992e-05
1.413168e-05
1.816598e-05
1.362815e-05
1.972137e-05
1.320457e-05
1.386384e-05
1.314466e-05
1.403491e-05
1.334211e-05
1.480304e-05
1.591667e-05
1.840672e-05
1.690187e-05
1.524255e-05
1.448032e-05
1.542666e-05
1.200454e-05
1.086256e-05
1.555037e-05
1.524167e-05
1.526877e-05
1.300273e-05
1.627553e-05
1.585886e-05
1.772197e-05
1.431279e-05
1.640463e-05
1.387629e-05
1.324691e-05
1.267545e-05
1.385005e-05
1.545210e-05
1.436231e-05
2.519540e-05
1.670700e-05
1.389640e-05
1.238404e-05
1.553502e-05
1.845140e-05
1.316982e-05
1.444707e-05
1.643984e-05
1.122118e-05
1.562078e-05
1.238968e-05
1.500592e-05
1.474460e-05
1.335724e-05
1.847180e-05
1.625247e-05
1.736194e-05
1.357160e-05
1.361941e-05
1.714118e-05
1.559354e-05
1.837039e-05
1.296021e-05
1.265502e-05
1.338686e-05
1.307009e-05
1.786362e-05
1.467548e-05
1.297984e-05
1.178783e-05
1.336084e-05
1.659637e-05
1.515144e-05
1.774120e-05
1.211571e-05
1.256337e-05
1.221091e-05
1.299305e-05
1.682720e-05
1.634213e-05
1.417299e-05
1.390799e-05
2.002588e-05
1.395757e-05
1.232277e-05
1.295776e-05
1.887916e-05
1.410728e-05
1.184889e-05
1.386620e-05
1.480662e-05
1.329263e-05
1.388303e-05
1.442473e-05
1.379391e-05
1.756378e-05
1.212230e-05
1.196916e-05
1.292363e-05
1.701669e-05
1.624879e-05
1.425937e-05
1.406340e-05
1.060147e-05
1.544221e-05
1.557587e-05
1.320198e-05
1.594106e-05
1.332899e-05
1.313778e-05
1.905374e-05
1.178748e-05
1.215994e-05
1.538518e-05
1.452991e-05
9.270563e-06
1.389840e-05
1.364419e-05
1.495605e-05
1.169360e-05
1.266583e-05
1.435302e-05
1.515970e-05
1.517331e-05
1.603855e-05
1.251915e-05
1.568204e-05
1.433667e-05
1.241373e-05
1.597168e-05
1.802249e-05
1.628060e-05
1.343166e-05
1.213557e-05
1.582140e-05
1.183525e-05
1.503872e-05
1.762148e-05
2.355484e-05
1.164864e-05
1.179439e-05
1.801313e-05
1.274883e-05
9.494241e-06
8.990060e-06
1.598035e-05
1.286583e-05
1.321588e-05
9.643991e-06
1.516817e-05
1.230917e-05
1.129152e-05
1.284522e-05
1.485315e-05
1.636088e-05
1.355626e-05
1.455386e-05
1.149700e-05
1.351850e-05
1.418860e-05
1.366697e-05
1.120402e-05
1.277867e-05
1.396788e-05
1.432866e-05
1.589358e-05
1.444935e-05
1.548751e-05
1.493899e-05
1.222986e-05
1.063880e-05
1.165599e-05
1.623573e-05
1.605452e-05
1.810883e-05
1.180829e-05
1.429498e-05
1.257787e-05
1.199296e-05
1.233737e-05
1.476215e-05
1.286830e-05
1.620031e-05
1.045323e-05
1.562227e-05
1.247021e-05
1.855829e-05
9.936111e-06
9.366482e-06
1.240434e-05
2.643561e-05
1.311609e-05
1.092722e-05
1.267365e-05
1.236915e-05
1.160888e-05
1.278509e-05
1.121698e-05
1.375276e-05
1.654720e-05
1.141775e-05
1.167189e-05
1.328699e-05
1.343005e-05
1.377119e-05
1.272304e-05
1.528153e-05
1.401779e-05
1.121627e-05
1.599216e-05
9.732003e-06
9.197209e-06
1.204317e-05
1.465245e-05
9.366384e-06
1.156263e-05
1.241552e-05
1.147092e-05
1.145623e-05
1.003722e-05
1.870702e-05
1.621244e-05
1.615498e-05
8.844312e-06
1.011241e-05
1.176061e-05
9.784188e-06
1.395101e-05
2.253982e-05
1.225230e-05
1.077513e-05
1.506723e-05
1.829728e-05
1.445615e-05
1.600119e-05
9.307367e-06
1.314386e-05
1.316483e-05
8.884933e-06
1.116584e-05
1.352389e-05
1.816340e-05
1.605620e-05
1.514376e-05
1.210708e-05
2.615446e-05
2.626095e-05
1.439417e-05
1.448980e-05
1.297529e-05
1.288119e-05
1.171223e-05
9.592117e-06
1.016278e-05
8.861762e-06
1.014262e-05
9.960360e-06
1.175224e-05
9.831553e-06
9.627022e-06
1.508566e-05
1.080194e-05
1.157972e-05
1.353329e-05
1.033665e-05
1.266822e-05
9.969045e-06
1.706914e-05
1.112492e-05
1.467941e-05
1.119502e-05
1.224588e-05
1.263259e-05
9.778085e-06
1.134235e-05
9.393901e-06
2.461378e-05
1.158687e-05
1.085109e-05
1.129078e-05
9.026098e-06
1.008549e-05
9.607198e-06
1.537931e-05
1.311378e-05
9.376559e-06
1.006864e-05
1.027625e-05
1.087460e-05
1.249756e-05
9.256111e-06
8.999126e-06
1.516969e-05
1.069061e-05
1.100326e-05
9.763831e-06
1.328995e-05
1.704966e-05
8.235748e-06
9.641306e-06
1.091352e-05
1.288041e-05
9.472687e-06
1.143268e-05
1.004330e-05
1.404746e-05
1.606573e-05
1.049260e-05
1.002517e-05
1.307803e-05
1.558017e-05
9.344370e-06
8.345438e-06
1.013786e-05
1.309758e-05
1.008557e-05
9.990938e-06
1.079202e-05
2.639304e-05
1.441810e-05
1.570516e-05
1.545827e-05
1.126092e-05
9.589738e-06
1.362024e-05
1.513804e-05
8.679710e-06
1.514123e-05
1.043763e-05
1.553052e-05
1.986921e-05
1.443916e-05
8.750899e-06
1.520110e-05
1.547668e-05
1.605762e-05
9.003466e-06
1.390324e-05
1.024455e-05
1.346297e-05
8.989115e-06
1.343859e-05
1.455413e-05
1.262765e-05
1.143492e-05
1.046396e-05
1.562661e-05
1.476234e-05
1.050569e-05
1.069159e-05
1.474757e-05
1.503901e-05
8.826072e-06
1.515008e-05
1.275788e-05
1.392331e-05
2.521113e-05
9.267121e-06
9.237264e-06
1.085370e-05
8.450598e-06
1.152539e-05
8.491143e-06
1.032181e-05
9.152336e-06
1.415883e-05
1.116530e-05
1.393393e-05
1.434271e-05
1.145117e-05
1.474459e-05
1.420467e-05
1.498635e-05
1.261656e-05
1.484109e-05
1.558335e-05
1.167684e-05
1.481792e-05
1.363670e-05
9.079518e-06
1.580166e-05
1.120675e-05
1.781886e-05
8.775233e-06
1.140390e-05
8.282152e-06
1.022395e-05
9.028394e-06
1.267573e-05
1.137603e-05
1.298020e-05
9.480152e-06
1.382037e-05
1.525333e-05
1.040396e-05
1.147894e-05
1.556957e-05
1.638077e-05
1.278566e-05
1.033088e-05
1.209010e-05
1.217209e-05
8.603077e-06
8.544498e-06
9.491744e-06
1.157976e-05
8.850085e-06
1.615631e-05
9.592385e-06
1.116800e-05
1.343227e-05
1.441215e-05
9.336097e-06
9.542741e-06
8.705432e-06
1.239562e-05
8.423381e-06
1.111042e-05
2.359656e-05
7.904154e-06
7.890738e-06
1.086775e-05
1.075580e-05
1.220943e-05
1.085127e-05
1.477910e-05
1.361411e-05
9.954743e-06
9.812902e-06
1.291499e-05
1.305567e-05
1.429410e-05
1.250551e-05
8.178725e-06
1.187538e-05
1.467157e-05
8.850018e-06
1.215619e-05
1.150333e-05
8.525003e-06
1.397122e-05
8.175150e-06
1.507881e-05
9.043525e-06
9.627768e-06
1.526734e-05
1.552156e-05
2.480955e-05
8.429255e-06
1.341517e-05
1.036502e-05
9.152262e-06
1.053673e-05
2.249147e-05
1.373623e-05
1.006528e-05
2.380433e-05
1.309567e-05
8.621167e-06
9.152903e-06
2.625483e-05
2.591907e-05
8.455729e-06
9.740546e-06
1.275993e-05
1.389802e-05
1.512688e-05
9.083667e-06
1.198494e-05
1.128707e-05
1.668011e-05
1.252776e-05
1.163389e-05
9.466646e-06
2.095509e-05
1.757366e-05
1.148169e-05
1.085148e-05
1.026400e-05
1.522932e-05
1.915521e-05
8.130193e-06
1.080080e-05
7.720817e-06
1.304031e-05
1.076195e-05
1.805492e-05
1.423564e-05
9.256349e-06
1.833655e-05
1.170404e-05
1.250212e-05
1.817650e-05
2.635013e-05
8.076778e-06
1.352736e-05
7.840718e-06
9.829706e-06
9.688247e-06
1.226680e-05
1.134614e-05
8.912686e-06
1.335814e-05
1.402626e-05
1.450606e-05
1.428013e-05
1.242993e-05
1.176228e-05
9.421566e-06
1.064313e-05
8.877963e-06
8.695665e-06
1.771279e-05
1.360665e-05
1.437521e-05
8.953240e-06
1.490742e-05
2.618488e-05
1.290884e-05
1.447431e-05
1.281826e-05
8.949605e-06
1.416621e-05
9.766217e-06
1.381799e-05
1.099565e-05
9.377598e-06
1.285282e-05
9.593250e-06
1.125133e-05
2.017852e-05
2.380619e-05
2.217818e-05
1.292451e-05
8.803436e-06
8.930333e-06
8.605050e-06
9.707131e-06
8.863325e-06
9.327272e-06
9.423601e-06
1.197320e-05
9.195784e-06
1.319098e-05
1.066740e-05
1.172898e-05
1.107262e-05
1.290896e-05
2.196101e-05
7.835229e-06
1.064219e-05
1.321416e-05
1.008756e-05
8.524819e-06
8.543795e-06
8.708180e-06
2.523042e-05
8.106917e-06
1.281451e-05
1.535102e-05
1.133873e-05
1.133612e-05
9.316756e-06
8.178991e-06
8.000104e-06
1.176212e-05
9.306042e-06
2.586949e-05
2.637505e-05
1.087560e-05
1.410150e-05
2.488080e-05
1.301923e-05
1.186567e-05
1.106454e-05
1.061388e-05
1.064391e-05
1.128886e-05
9.953973e-06
9.778221e-06
1.312070e-05
7.871237e-06
8.459137e-06
1.072882e-05
7.675958e-06
9.001541e-06
8.699131e-06
1.758878e-05
1.137902e-05
1.868428e-05
1.356908e-05
1.013748e-05
2.415967e-05
8.554074e-06
1.572321e-05
8.373122e-06
1.436889e-05
1.144105e-05
1.123850e-05
1.562219e-05
8.738794e-06
7.817575e-06
8.192066e-06
8.201636e-06
2.662087e-05
1.637530e-05
9.346636e-06
1.228518e-05
1.254028e-05
1.080142e-05
2.212031e-05
1.067141e-05
1.040550e-05
8.085767e-06
1.206002e-05
8.141859e-06
1.215052e-05
1.253678e-05
1.969273e-05
1.084960e-05
7.516507e-06
1.455822e-05
8.244031e-06
7.935354e-06
2.479645e-05
1.109052e-05
1.092726e-05
1.032074e-05
7.239068e-06
1.526741e-05
1.063804e-05
8.397137e-06
1.530073e-05
8.771781e-06
9.683864e-06
1.258968e-05
7.805740e-06
7.778628e-06
1.063922e-05
8.646829e-06
8.303858e-06
7.317047e-06
1.299772e-05
1.236698e-05
1.124749e-05
1.887389e-05
1.196743e-05
7.839016e-06
8.530992e-06
1.302676e-05
1.404809e-05
8.435395e-06
2.239548e-05
1.064723e-05
1.208357e-05
9.459039e-06
1.106132e-05
1.367729e-05
1.399464e-05
8.178055e-06
1.828939e-05
1.196864e-05
1.312321e-05
1.267153e-05
1.119724e-05
1.250573e-05
1.166976e-05
2.146139e-05
1.206298e-05
2.161838e-05
1.952173e-05
1.115019e-05
1.106376e-05
1.367217e-05
1.010259e-05
9.191288e-06
8.768612e-06
8.286932e-06
7.941557e-06
8.420313e-06
1.247979e-05
9.802321e-06
1.042826e-05
1.019871e-05
1.362578e-05
1.438961e-05
2.515084e-05
9.158664e-06
9.414411e-06
1.210655e-05
1.141592e-05
9.947222e-06
1.926834e-05
8.438779e-06
2.533361e-05
1.071617e-05
8.627407e-06
9.510590e-06
2.705943e-05
1.514327e-05
1.272032e-05
1.017557e-05
1.461881e-05
7.501587e-06
8.543662e-06
8.149429e-06
8.124192e-06
2.468589e-05
1.235511e-05
1.964701e-05
1.252565e-05
1.105177e-05
8.712582e-06
9.641281e-06
2.364106e-05
1.363184e-05
9.354463e-06
1.238115e-05
1.127700e-05
1.031036e-05
8.199717e-06
2.630808e-05
8.595744e-06
8.131825e-06
2.157254e-05
1.294320e-05
2.534398e-05
1.334180e-05
1.795466e-05
1.502394e-05
1.229143e-05
1.177102e-05
2.334058e-05
1.083460e-05
1.127440e-05
8.054878e-06
8.002285e-06
1.042568e-05
8.259024e-06
1.335771e-05
2.015098e-05
8.209580e-06
8.205274e-06
2.229051e-05
1.109282e-05
7.690571e-06
1.230659e-05
8.126799e-06
1.121279e-05
1.296626e-05
2.317241e-05
1.114494e-05
8.745061e-06
9.892826e-06
1.135608e-05
8.047850e-06
1.204650e-05
1.128749e-05
1.987409e-05
1.133129e-05
1.116851e-05
2.148859e-05
1.910541e-05
9.852780e-06
8.156234e-06
1.326675e-05
2.026016e-05
1.239940e-05
2.580206e-05
1.189073e-05
1.302307e-05
1.066416e-05
1.233577e-05
1.635011e-05
1.943686e-05
9.565729e-06
1.798061e-05
1.189660e-05
1.247474e-05
1.302884e-05
7.204536e-06
9.759019e-06
1.499869e-05
8.163962e-06
1.969227e-05
8.781861e-06
2.209451e-05
1.098467e-05
2.188104e-05
2.152534e-05
9.771768e-06
1.428556e-05
1.287746e-05
1.236762e-05
8.152886e-06
8.499314e-06
8.211133e-06
1.030970e-05
1.701087e-05
1.952010e-05
1.040396e-05
1.873677e-05
2.133933e-05
9.515919e-06
8.600957e-06
7.593160e-06
2.601214e-05
2.317842e-05
8.413685e-06
2.258781e-05
8.981531e-06
1.031876e-05
8.168374e-06
1.054712e-05
1.224001e-05
2.053009e-05
1.153938e-05
1.122492e-05
8.869065e-06
8.868233e-06
1.591033e-05
1.461450e-05
1.320891e-05
1.958204e-05
2.030540e-05
1.470750e-05
1.229335e-05
2.356910e-05
8.492703e-06
8.360523e-06
1.952699e-05
9.108082e-06
1.889555e-05
1.957753e-05
1.275522e-05
1.358738e-05
9.598953e-06
9.608472e-06
1.321706e-05
1.740578e-05
2.017718e-05
1.207449e-05
9.672584e-06
1.289866e-05
9.177010e-06
2.067107e-05
9.065801e-06
1.119404e-05
1.722453e-05
1.199498e-05
1.364316e-05
9.904846e-06
1.153257e-05
8.234715e-06
8.658988e-06
7.743256e-06
8.901007e-06
8.976855e-06
2.349414e-05
1.191754e-05
1.127853e-05
8.712002e-06
7.631595e-06
1.168414e-05
1.040946e-05
1.857302e-05
1.048609e-05
8.330218e-06
1.111755e-05
1.074593e-05
2.133536e-05
1.162802e-05
1.039093e-05
1.153318e-05
1.356709e-05
2.306103e-05
2.630874e-05
1.174266e-05
9.695574e-06
1.074712e-05
1.636770e-05
2.179274e-05
9.783675e-06
7.807834e-06
7.957152e-06
8.587258e-06
1.137054e-05
1.170629e-05
2.232999e-05
8.020076e-06
1.075478e-05
1.243745e-05
8.222867e-06
1.034823e-05
1.945835e-05
1.338707e-05
1.254926e-05
1.184640e-05
2.241459e-05
1.394499e-05
2.143218e-05
1.004801e-05
2.487170e-05
1.104504e-05
8.781471e-06
8.216237e-06
1.189391e-05
1.115116e-05
9.939987e-06
1.407027e-05
1.933722e-05
9.544172e-06
1.985191e-05
9.956514e-06
9.351636e-06
9.413583e-06
2.068468e-05
7.451535e-06
9.416433e-06
9.964453e-06
2.193430e-05
1.927882e-05
7.358248e-06
8.014928e-06
1.336236e-05
2.546282e-05
1.154925e-05
2.599228e-05
1.873578e-05
1.392560e-05
1.493549e-05
8.278242e-06
2.011569e-05
1.357667e-05
2.061890e-05
8.332201e-06
1.035958e-05
7.672603e-06
1.328291e-05
1.349153e-05
2.301313e-05
7.938079e-06
1.067684e-05
1.083154e-05
1.913679e-05
1.452213e-05
1.894981e-05
1.019408e-05
1.407656e-05
2.024868e-05
1.133528e-05
1.061236e-05
2.168674e-05
8.996912e-06
1.212951e-05
2.181619e-05
2.112784e-05
2.199906e-05
2.179596e-05
1.111199e-05
7.625703e-06
2.341966e-05
9.361277e-06
1.060434e-05
1.180636e-05
1.217160e-05
1.698122e-05
1.376836e-05
2.258485e-05
1.975539e-05
1.913260e-05
1.348890e-05
8.819989e-06
1.060868e-05
7.244598e-06
1.220493e-05
8.948631e-06
8.353674e-06
8.860411e-06
2.384097e-05
1.926506e-05
8.935169e-06
2.128765e-05
1.907615e-05
1.914591e-05
2.170389e-05
2.445506e-05
2.032151e-05
1.993875e-05
9.167555e-06
1.067003e-05
1.194460e-05
9.691182e-06
9.605135e-06
1.046216e-05
1.028543e-05
2.037078e-05
1.123943e-05
1.229734e-05
7.025556e-06
1.128263e-05
1.065417e-05
1.983540e-05
1.948564e-05
2.583731e-05
1.405881e-05
8.475971e-06
1.001912e-05
1.675520e-05
9.836782e-06
1.030269e-05
1.119440e-05
1.095041e-05
1.007981e-05
1.006218e-05
1.047259e-05
2.008521e-05
2.667010e-05
9.179505e-06
1.179290e-05
1.997303e-05
1.105994e-05
1.149942e-05
1.074258e-05
2.072897e-05
2.417183e-05
1.954225e-05
1.836580e-05
7.207762e-06
9.563426e-06
1.138334e-05
1.115797e-05
1.119991e-05
1.390563e-05
1.547330e-05
1.684869e-05
1.852047e-05
8.383872e-06
8.811520e-06
1.109172e-05
2.057782e-05
1.694529e-05
